x,y,region,boundary_flag
0.0395495013515014,0.1936729360230833,1.0,1.0
0.0416891917048746,0.1943148431290952,1.0,1.0
0.0441141741053641,0.1953846883057819,1.0,1.0
0.0468957715647494,0.1962405644471311,1.0,1.0
0.0500339840830301,0.1975243786591551,1.0,1.0
0.053314842624869,0.1986655468476207,1.0,1.0
0.0537427806955436,0.19952142298897,1.0,1.0
0.0527442585306361,0.2011618522598895,1.0,1.0
0.0536001346719854,0.2027309585190298,1.0,1.0
0.0550265949075676,0.2025883124954716,1.0,1.0
0.0570236392373826,0.2045140338135075,1.0,1.0
0.0581648074258483,0.2057265250137523,1.0,1.0
0.0598052366967677,0.2060831400726479,1.0,1.0
0.0582361304376274,0.2066537241668807,1.0,1.0
0.0543846878015556,0.2064397551315434,1.0,1.0
0.0558824710489168,0.2077235693435673,1.0,1.0
0.0584500994729646,0.2087934145202539,1.0,1.0
0.0556685020135795,0.2091500295791495,1.0,1.0
0.0518883823892869,0.2095779676498241,1.0,1.0
0.0515317673303913,0.2109331048736271,1.0,1.0
0.0507472142008212,0.2117889810149764,1.0,1.0
0.0531008735895317,0.2120029500503137,1.0,1.0
0.0537427806955436,0.2111470739089645,1.0,1.0
0.0565957011667079,0.2110757508971854,1.0,1.0
0.0570949622491617,0.2102198747558361,1.0,1.0
0.0578795153787318,0.212216919085651,1.0,1.0
0.0596625906732095,0.2138573483565705,1.0,1.0
0.0597339136849886,0.2149271935332571,1.0,1.0
0.0610177278970125,0.214855870521478,1.0,1.0
0.0647265245095261,0.2110044278854062,1.0,1.0
0.0659390157097709,0.2144279324508033,1.0,1.0
0.0667235688393411,0.217494821957305,1.0,1.0
0.0684353211220396,0.2207043574873648,1.0,1.0
0.0695764893105054,0.2230580168760753,1.0,1.0
0.0707889805107502,0.2253403532530067,1.0,1.0
0.0760668833824041,0.2257682913236814,1.0,1.0
0.0769084951390581,0.2268381365003679,1.0,1.0
0.0778356942921865,0.226909459512147,1.0,1.0
0.0789055394688731,0.228193273724171,1.0,1.0
0.0804033227162343,0.2299050260068696,1.0,1.0
0.0809739068104672,0.2304756101011024,1.0,1.0
0.0819011059635956,0.2301189950422069,1.0,1.0
0.0831135971638404,0.2317594243131263,1.0,1.0
0.084825349446539,0.2333285305722667,1.0,1.0
0.0863944557056793,0.2346123447842906,1.0,1.0
0.0868937167881331,0.236181451043431,1.0,1.0
0.0876782699177032,0.2376792342907922,1.0,1.0
0.088177531000157,0.2386777564556997,1.0,1.0
0.0899606062946345,0.238891725491037,1.0,1.0
0.0917436815891123,0.2374652652554549,1.0,1.0
0.092884849777578,0.2369660041730011,1.0,1.0
0.094168663989602,0.2362527740552101,1.0,1.0
0.0952385091662886,0.235539543937419,1.0,1.0
0.0935267568835899,0.2376079112790131,1.0,1.0
0.0932414648364736,0.2386777564556997,1.0,1.0
0.0905311903888675,0.2408174468090729,1.0,1.0
0.0903172213535302,0.2417446459622013,1.0,1.0
0.0894613452121809,0.2424578760799924,1.0,1.0
0.0886054690708316,0.2432424292095625,1.0,1.0
0.0888907611179481,0.2443835973980282,1.0,1.0
0.0900319293064138,0.243527721256679,1.0,1.0
0.0908164824359839,0.2426005221035506,1.0,1.0
0.0918150046008913,0.2416019999386431,1.0,1.0
0.0917436815891123,0.2407461237972938,1.0,1.0
0.0927422037540198,0.2400328936795027,1.0,1.0
0.0938833719424855,0.2390343715145952,1.0,1.0
0.0945252790484975,0.2384637874203624,1.0,1.0
0.0955951242251841,0.2372512962201176,1.0,1.0
0.0964510003665334,0.2362527740552101,1.0,1.0
0.0970215844607662,0.2376792342907922,1.0,1.0
0.0976634915667782,0.2387490794674788,1.0,1.0
0.0978774606021155,0.2410314158444102,1.0,1.0
0.0985906907199066,0.242243907044655,1.0,1.0
0.0985906907199066,0.2440983053509118,1.0,1.0
0.0995892128848141,0.2448115354687029,1.0,1.0
0.1041538856386769,0.2448115354687029,1.0,1.0
0.1063648990038292,0.2448115354687029,1.0,1.0
0.1077200362276323,0.2455960885982731,1.0,1.0
0.109574434533889,0.2453107965511566,1.0,1.0
0.1099595805387807,0.2436703672802372,1.0,1.0
0.1109581027036882,0.2426718451153297,1.0,1.0
0.1117426558332583,0.2417446459622013,1.0,1.0
0.1118139788450375,0.2405321547619565,1.0,1.0
0.1128838240217241,0.2411740618679684,1.0,1.0
0.1140249922101898,0.2419586149975386,1.0,1.0
0.1151661603986555,0.2427431681271088,1.0,1.0
0.116236005575342,0.2433850752331207,1.0,1.0
0.1170205587049123,0.2452394735393775,1.0,1.0
0.1175911427991451,0.2463093187160641,1.0,1.0
0.1186609879758317,0.2474504869045299,1.0,1.0
0.1199448021878556,0.2490195931636702,1.0,1.0
0.1211572933881005,0.249590177257903,1.0,1.0
0.1226550766354617,0.2498754693050195,1.0,1.0
0.1237962448239274,0.2506600224345897,1.0,1.0
0.1255793201184051,0.2510879605052643,1.0,1.0
0.1267918113186499,0.2505173764110314,1.0,1.0
0.1285748866131276,0.2501607613521359,1.0,1.0
0.1282895945660112,0.25222912869373,1.0,1.0
0.1291454707073604,0.2535842659175331,1.0,1.0
0.1291454707073604,0.2552960182002316,1.0,1.0
0.1309713380676211,0.2562945403651391,1.0,1.0
0.1330397054092152,0.2568651244593719,1.0,1.0
0.1338955815505645,0.2583629077067331,1.0,1.0
0.1326830903503197,0.2605739210718855,1.0,1.0
0.1316132451736331,0.262214350342805,1.0,1.0
0.1309713380676211,0.2637121335901662,1.0,1.0
0.1301154619262718,0.2650672708139692,1.0,1.0
0.129544877832039,0.2665650540613304,1.0,1.0
0.1301154619262718,0.2674922532144589,1.0,1.0
0.1309713380676211,0.2659944699670976,1.0,1.0
0.1323977983032032,0.2652812398493065,1.0,1.0
0.1332536744445525,0.264282717684399,1.0,1.0
0.1338955815505645,0.2634268415430498,1.0,1.0
0.1352507187743675,0.2627136114252587,1.0,1.0
0.1363918869628332,0.2617150892603512,1.0,1.0
0.136891148045287,0.2612871511896765,1.0,1.0
0.136891148045287,0.2639261026255035,1.0,1.0
0.1375330551512989,0.2650672708139692,1.0,1.0
0.1375330551512989,0.267563576226238,1.0,1.0
0.1383889312926482,0.268918713450041,1.0,1.0
0.1383176082808691,0.2704164966974022,1.0,1.0
0.1389595153868811,0.271628987897647,1.0,1.0
0.1391021614104393,0.2726988330743336,1.0,1.0
0.140243329598905,0.2734120631921247,1.0,1.0
0.1418124358580453,0.2744819083688113,1.0,1.0
0.1432388960936275,0.2759083686043935,1.0,1.0
0.1443800642820932,0.27697821378108,1.0,1.0
0.1461631395765708,0.27697821378108,1.0,1.0
0.1457352015058962,0.2757657225808352,1.0,1.0
0.1453072634352216,0.2741252933099158,1.0,1.0
0.1455212324705589,0.2728414790978918,1.0,1.0
0.1461631395765708,0.2719142799447634,1.0,1.0
0.1472329847532574,0.2717716339212053,1.0,1.0
0.1484454759535023,0.2715576648858679,1.0,1.0
0.1492300290830724,0.2728414790978918,1.0,1.0
0.1503711972715382,0.2738400012627994,1.0,1.0
0.1507991353422128,0.274981169451265,1.0,1.0
0.1517976575071203,0.2758370455926143,1.0,1.0
0.1525822106366905,0.2768355677575219,1.0,1.0
0.1588586356732519,0.2767642447457428,1.0,1.0
0.1581454055554608,0.2759083686043935,1.0,1.0
0.1575034984494489,0.2755517535454979,1.0,1.0
0.1576461444730071,0.2741966163216949,1.0,1.0
0.1575748214612279,0.2728414790978918,1.0,1.0
0.1565762992963205,0.271628987897647,1.0,1.0
0.1561483612256458,0.2705591427209605,1.0,1.0
0.1555064541196338,0.2691326824853783,1.0,1.0
0.154935870025401,0.267563576226238,1.0,1.0
0.154293962919389,0.266279762014214,1.0,1.0
0.1537947018369353,0.2651385938257484,1.0,1.0
0.1531527947309233,0.2638547796137244,1.0,1.0
0.1526535336484696,0.2627136114252587,1.0,1.0
0.1522255955777949,0.2618577352839094,1.0,1.0
0.1512270734128874,0.2605739210718855,1.0,1.0
0.1506564893186546,0.2593614298716407,1.0,1.0
0.1504425202833172,0.2585055537302914,1.0,1.0
0.1499432592008635,0.2580062926478376,1.0,1.0
0.1506564893186546,0.2578636466242794,1.0,1.0
0.150941781365771,0.2571504165064884,1.0,1.0
0.1510131043775501,0.2559379253062436,1.0,1.0
0.1496579671537471,0.2559379253062436,1.0,1.0
0.1493726751066307,0.2553673412120107,1.0,1.0
0.1470903387296992,0.2553673412120107,1.0,1.0
0.1458778475294544,0.2553673412120107,1.0,1.0
0.1448793253645469,0.2553673412120107,1.0,1.0
0.1453785864470007,0.2544401420588824,1.0,1.0
0.1475182768003739,0.2545114650706614,1.0,1.0
0.1493013520948515,0.2545114650706614,1.0,1.0
0.1520829495542367,0.2545114650706614,1.0,1.0
0.152938825695586,0.2541548500117658,1.0,1.0
0.1540799938840517,0.2529423588115211,1.0,1.0
0.1552211620725174,0.2520151596583926,1.0,1.0
0.1561483612256458,0.2516585445994971,1.0,1.0
0.1569471841814252,0.2507313454463687,1.0,1.0
0.1578743833345536,0.249590177257903,1.0,1.0
0.1592295205583566,0.2484490090694373,1.0,1.0
0.1591581975465775,0.2493048852107866,1.0,1.0
0.15815967538167,0.2505886994228106,1.0,1.0
0.1575890912874372,0.2518725136348345,1.0,1.0
0.1568758611696461,0.2530136818233002,1.0,1.0
0.1568758611696461,0.2545827880824405,1.0,1.0
0.1566618921343088,0.2562232173533599,1.0,1.0
0.1573037992403207,0.2567224784358137,1.0,1.0
0.157446445263879,0.2552960182002316,1.0,1.0
0.1580170293581118,0.2544401420588824,1.0,1.0
0.15815967538167,0.2530136818233002,1.0,1.0
0.158801582487682,0.2516585445994971,1.0,1.0
0.1593008435701357,0.2521578056819509,1.0,1.0
0.1591581975465775,0.2542974960353241,1.0,1.0
0.1596574586290313,0.254939403141336,1.0,1.0
0.1602993657350432,0.2534416198939748,1.0,1.0
0.1605133347703805,0.2521578056819509,1.0,1.0
0.1611552418763925,0.2512306065288225,1.0,1.0
0.161511856935288,0.2503034073756941,1.0,1.0
0.1617258259706254,0.2493048852107866,1.0,1.0
0.1623677330766373,0.2482350400341,1.0,1.0
0.1630809631944284,0.247593132928088,1.0,1.0
0.1616545029588462,0.2479497479869836,1.0,1.0
0.1606559807939387,0.2476644559398672,1.0,1.0
0.1614405339235089,0.2467372567867388,1.0,1.0
0.1625103791001955,0.2460953496807268,1.0,1.0
0.1637228703004404,0.2451681505275984,1.0,1.0
0.1643647774064523,0.24424095137447,1.0,1.0
0.1652206535478016,0.2431711061977834,1.0,1.0
0.1660052066773718,0.2423152300564341,1.0,1.0
0.1665044677598255,0.2411740618679684,1.0,1.0
0.1677882819718494,0.2405321547619565,1.0,1.0
0.1685728351014196,0.2392483405499325,1.0,1.0
0.169500034254548,0.2383211413968042,1.0,1.0
0.1700706183487809,0.2371086501965593,1.0,1.0
0.1707125254547928,0.2358248359845354,1.0,1.0
0.1711404635254674,0.2353255749020817,1.0,1.0
0.1718536936432585,0.2338991146664995,1.0,1.0
0.1721389856903749,0.232900592501592,1.0,1.0
0.1729235388199451,0.2319020703366845,1.0,1.0
0.1735654459259571,0.2310461941953352,1.0,1.0
0.1744213220673064,0.2298337029950904,1.0,1.0
0.1749919061615392,0.2291204728772994,1.0,1.0
0.1757764592911094,0.228193273724171,1.0,1.0
0.1765610124206796,0.2274800436063799,1.0,1.0
0.1775595345855871,0.2270521055357053,1.0,1.0
0.1790573178329483,0.2268381365003679,1.0,1.0
0.1802698090331931,0.2262675524061351,1.0,1.0
0.1816962692687753,0.2262675524061351,1.0,1.0
0.1833366985396947,0.2262675524061351,1.0,1.0
0.1844065437163813,0.2256256453001231,1.0,1.0
0.1858330039519635,0.2256256453001231,1.0,1.0
0.1874021102111038,0.2255543222883441,1.0,1.0
0.1880440173171158,0.2249837381941112,1.0,1.0
0.1898270926115935,0.2247697691587739,1.0,1.0
0.1914675218825129,0.2246984461469947,1.0,1.0
0.1931079511534322,0.224199185064541,1.0,1.0
0.1948197034361309,0.224199185064541,1.0,1.0
0.1957469025892593,0.2235572779585291,1.0,1.0
0.197529977883737,0.2236286009703081,1.0,1.0
0.1990277611310982,0.2234859549467499,1.0,1.0
0.2002402523313431,0.2234859549467499,1.0,1.0
0.2016667125669252,0.2234859549467499,1.0,1.0
0.2030931728025073,0.2234859549467499,1.0,1.0
0.2036637568967402,0.2244844771116574,1.0,1.0
0.2061600623090089,0.2242705080763201,1.0,1.0
0.2075865225445911,0.2242705080763201,1.0,1.0
0.2093695978390687,0.2244131540998783,1.0,1.0
0.2103681200039761,0.2244844771116574,1.0,1.0
0.211509288192442,0.224841092170553,1.0,1.0
0.2129357484280241,0.2249124151823321,1.0,1.0
0.2141482396282689,0.2247697691587739,1.0,1.0
0.2159313149227466,0.2242705080763201,1.0,1.0
0.2185702663585735,0.2237712469938663,1.0,1.0
0.2212092177944005,0.2232719859114126,1.0,1.0
0.2227783240535408,0.2227727248289588,1.0,1.0
0.2244615453902432,0.2230580168760753,1.0,1.0
0.2261019746611627,0.2224874327818424,1.0,1.0
0.2275997579085239,0.2219881716993887,1.0,1.0
0.2288122491087688,0.2212036185698185,1.0,1.0
0.2305953244032464,0.2202764194166901,1.0,1.0
0.2321644306623868,0.2191352512282244,1.0,1.0
0.2330916298155152,0.2182793750868751,1.0,1.0
0.2348033820982138,0.2173521759337467,1.0,1.0
0.236301165345575,0.2162823307570601,1.0,1.0
0.2372996875104825,0.21549777762749,1.0,1.0
0.2390827628049602,0.214213963415466,1.0,1.0
0.2405092230405423,0.2122882420974302,1.0,1.0
0.2410798071347752,0.2105764898147316,1.0,1.0
0.241721714240787,0.2087934145202539,1.0,1.0
0.2420070062879035,0.2067250471786598,1.0,1.0
0.242363621346799,0.2050846179077404,1.0,1.0
0.2432194974881484,0.2038008036957165,1.0,1.0
0.2435761125470439,0.2020890514130179,1.0,1.0
0.2440040506177185,0.2005912681656566,1.0,1.0
0.2440753736294977,0.1983802548005043,1.0,1.0
0.2442180196530559,0.1970964405884804,1.0,1.0
0.2442893426648348,0.1960979184235729,1.0,1.0
0.2445746347119513,0.194814104211549,1.0,1.0
0.2446459577237305,0.1936016130113042,1.0,1.0
0.2447886037472887,0.1925317678346176,1.0,1.0
0.2446459577237305,0.1911766306108145,1.0,1.0
0.2446459577237305,0.1896788473634533,1.0,1.0
0.2449312497708468,0.1877531260454174,1.0,1.0
0.2443606656766141,0.1862553427980562,1.0,1.0
0.2441466966412768,0.1851141746095905,1.0,1.0
0.2440753736294977,0.1838303603975665,1.0,1.0
0.2441466966412768,0.1824752231737635,1.0,1.0
0.2452878648297425,0.1836877143740083,1.0,1.0
0.2462150639828708,0.1856847587038233,1.0,1.0
0.2468569710888828,0.1870398959276263,1.0,1.0
0.247712847230232,0.1881810641160921,1.0,1.0
0.2481407853009067,0.1896788473634533,1.0,1.0
0.2488540154186978,0.1906773695283608,1.0,1.0
0.2491393074658142,0.1919611837403847,1.0,1.0
0.2497098915600471,0.1936016130113042,1.0,1.0
0.2505657677013964,0.1950993962586654,1.0,1.0
0.2515642898663039,0.1962405644471311,1.0,1.0
0.2524914890194323,0.1978809937180506,1.0,1.0
0.2535613341961188,0.1993074539536327,1.0,1.0
0.2551304404552592,0.2003772991303193,1.0,1.0
0.255458533274581,0.2020890514130179,1.0,1.0
0.2563857324277094,0.2038008036957165,1.0,1.0
0.2572416085690587,0.2051559409195195,1.0,1.0
0.2580974847104079,0.2067250471786598,1.0,1.0
0.259452621934211,0.20750960030823,1.0,1.0
0.2607364361462349,0.208151507414242,1.0,1.0
0.2620202503582588,0.2089360605438121,1.0,1.0
0.2629474495113872,0.2100059057204987,1.0,1.0
0.2638746486645156,0.2110044278854062,1.0,1.0
0.2650871398647604,0.2123595651092093,1.0,1.0
0.2663709540767843,0.2135720563094541,1.0,1.0
0.2680113833477038,0.2146419014861407,1.0,1.0
0.2694378435832859,0.2149271935332571,1.0,1.0
0.2708215030466627,0.2159257156981646,1.0,1.0
0.2726045783411404,0.2164249767806184,1.0,1.0
0.2741736846002807,0.2173521759337467,1.0,1.0
0.2753148527887465,0.2181367290633169,1.0,1.0
0.2768126360361077,0.2184933441222125,1.0,1.0
0.2782390962716898,0.2193492202635617,1.0,1.0
0.279665556507272,0.2199198043577946,1.0,1.0
0.2815199548135287,0.2206330344755857,1.0,1.0
0.2831603840844482,0.2213462645933767,1.0,1.0
0.2848008133553677,0.2220594947111678,1.0,1.0
0.2865125656380662,0.2227014018171798,1.0,1.0
0.287725056838311,0.2231293398878544,1.0,1.0
0.2887235790032185,0.2236286009703081,1.0,1.0
0.2900073932152425,0.2239138930174246,1.0,1.0
0.2919331145332783,0.2238425700056455,1.0,1.0
0.2936448668159769,0.2238425700056455,1.0,1.0
0.2954992651222337,0.224199185064541,1.0,1.0
0.2969970483695949,0.2244844771116574,1.0,1.0
0.2988514466758517,0.2245558001234365,1.0,1.0
0.3001352608878756,0.2246271231352156,1.0,1.0
0.3019183361823533,0.2246271231352156,1.0,1.0
0.3039153805121683,0.2246984461469947,1.0,1.0
0.3056271327948668,0.2247697691587739,1.0,1.0
0.3069822700186699,0.2250550612058903,1.0,1.0
0.3087653453131476,0.2250550612058903,1.0,1.0
0.310405774584067,0.2251977072294485,1.0,1.0
0.3121175268667656,0.2251977072294485,1.0,1.0
0.3141858942083597,0.2251977072294485,1.0,1.0
0.3153270623968254,0.2253403532530067,1.0,1.0
0.3175951376539699,0.2259822603590187,1.0,1.0
0.319663504995564,0.226196229394356,1.0,1.0
0.3219458413724955,0.2266954904768097,1.0,1.0
0.3241568547376477,0.2271947515592635,1.0,1.0
0.3267958061734747,0.2272660745710426,1.0,1.0
0.329648726644639,0.228193273724171,1.0,1.0
0.333000908198257,0.2285498887830665,1.0,1.0
0.3353545675869676,0.2293344419126367,1.0,1.0
0.3382074880581318,0.229548410947974,1.0,1.0
0.3406324704586214,0.2302616410657651,1.0,1.0
0.3428434838237738,0.2305469331128815,1.0,1.0
0.3455537582713798,0.230832225159998,1.0,1.0
0.3472655105540784,0.231545455277789,1.0,1.0
0.3494052009074515,0.2319020703366845,1.0,1.0
0.3516162142726039,0.2316167782895681,1.0,1.0
0.3534706125788607,0.2314028092542308,1.0,1.0
0.3546831037791055,0.231545455277789,1.0,1.0
0.3561095640146876,0.2310461941953352,1.0,1.0
0.3578213162973861,0.2310461941953352,1.0,1.0
0.3604602677332131,0.2306182561246606,1.0,1.0
0.3619580509805744,0.2306182561246606,1.0,1.0
0.3632418651925983,0.2301189950422069,1.0,1.0
0.3650819849662235,0.230190318053986,1.0,1.0
0.3668650602607012,0.2291917958890785,1.0,1.0
0.3682201974845042,0.2285498887830665,1.0,1.0
0.3692900426611908,0.2279079816770546,1.0,1.0
0.3707878259085521,0.2271947515592635,1.0,1.0
0.3717150250616803,0.2267668134885888,1.0,1.0
0.3724282551794715,0.2264815214414724,1.0,1.0
0.3736407463797164,0.2259109373472395,1.0,1.0
0.3751385296270776,0.2253403532530067,1.0,1.0
0.3762083748037642,0.2249124151823321,1.0,1.0
0.3771355739568926,0.224199185064541,1.0,1.0
0.3784193881689165,0.2235572779585291,1.0,1.0
0.3796318793691613,0.2229866938642962,1.0,1.0
0.3813436316518599,0.222202140734726,1.0,1.0
0.3830553839345584,0.2216315566404932,1.0,1.0
0.3821995077932091,0.2226300788054007,1.0,1.0
0.3805590785222897,0.2237712469938663,1.0,1.0
0.3799171714162778,0.2245558001234365,1.0,1.0
0.3790612952749285,0.2251977072294485,1.0,1.0
0.3802024634633941,0.2259822603590187,1.0,1.0
0.3806304015340688,0.2273373975828217,1.0,1.0
0.3811296626165226,0.2284785657712874,1.0,1.0
0.3817715697225345,0.229548410947974,1.0,1.0
0.3829127379110002,0.2311888402188935,1.0,1.0
0.384767136217257,0.2317594243131263,1.0,1.0
0.3863362424763974,0.2322586853955801,1.0,1.0
0.3878340257237586,0.2320447163602428,1.0,1.0
0.3899023930653527,0.2324726544309174,1.0,1.0
0.3909009152302602,0.2327579464780338,1.0,1.0
0.3926839905247378,0.2329719155133711,1.0,1.0
0.3933972206425289,0.2333285305722667,1.0,1.0
0.3945241451240524,0.2336851456311622,1.0,1.0
0.3961645743949719,0.2344696987607324,1.0,1.0
0.3978050036658914,0.2351116058667443,1.0,1.0
0.3993027869132526,0.235539543937419,1.0,1.0
0.4005152781134974,0.2358961589963145,1.0,1.0
0.4018704153373004,0.236181451043431,1.0,1.0
0.4029402605139869,0.2366807121258847,1.0,1.0
0.4041527517142319,0.2372512962201176,1.0,1.0
0.4043667207495692,0.238249818385025,1.0,1.0
0.4053652429144767,0.2391056945263743,1.0,1.0
0.406221119055826,0.2401755397030609,1.0,1.0
0.4067917031500588,0.240888769820852,1.0,1.0
0.4077189023031872,0.2411740618679684,1.0,1.0
0.4090740395269902,0.2421725840328759,1.0,1.0
0.4100725616918977,0.2430284601742252,1.0,1.0
0.4105004997625723,0.2438843363155745,1.0,1.0
0.4119269599981545,0.244882858480482,1.0,1.0
0.4131394511983993,0.2452394735393775,1.0,1.0
0.4144945884222024,0.2455247655864939,1.0,1.0
0.4159210486577845,0.2460240266689477,1.0,1.0
0.4170622168462502,0.2464519647396224,1.0,1.0
0.4185600000936114,0.2472365178691925,1.0,1.0
0.4197724912938563,0.2477357789516463,1.0,1.0
0.4214842435765548,0.2480923940105418,1.0,1.0
0.4226967347767995,0.2485916550929955,1.0,1.0
0.4253784869848319,0.2493048852107866,1.0,1.0
0.4277321463735424,0.2503747303874732,1.0,1.0
0.4302997747975903,0.2510879605052643,1.0,1.0
0.4326534341863007,0.2517298676112763,1.0,1.0
0.4357203236928024,0.2524430977290673,1.0,1.0
0.4381453060932921,0.2532989738704166,1.0,1.0
0.4407129345173398,0.2540835269999868,1.0,1.0
0.4431379169178295,0.2546541110942197,1.0,1.0
0.4451349612476444,0.2553673412120107,1.0,1.0
0.4472033285892386,0.2560805713298018,1.0,1.0
0.4493430189426118,0.2570790934947092,1.0,1.0
0.4519819703784388,0.2577210006007212,1.0,1.0
0.4542643067553701,0.258862168789187,1.0,1.0
0.4560473820498479,0.2595040758951989,1.0,1.0
0.4582583954150002,0.2603599520365482,1.0,1.0
0.4609686698626062,0.261572443236793,1.0,1.0
0.4635362982866541,0.2624283193781423,1.0,1.0
0.4659612806871437,0.263569487566608,1.0,1.0
0.4679583250169587,0.2644966867197364,1.0,1.0
0.4703119844056693,0.2652812398493065,1.0,1.0
0.4729509358414962,0.2667077000848887,1.0,1.0
0.475447241253765,0.2676348992380171,1.0,1.0
0.4774442855835799,0.2684907753793663,1.0,1.0
0.4792986838898367,0.2692753285089365,1.0,1.0
0.4811274374291018,0.268460685983772,1.0,1.0
0.4843369729591616,0.268460685983772,1.0,1.0
0.4864231710537005,0.268460685983772,1.0,1.0
0.4888303227012453,0.268621162760275,1.0,1.0
0.4907560440192813,0.268621162760275,1.0,1.0
0.4926817653373171,0.269102593089784,1.0,1.0
0.49444700987885,0.2703864073018079,1.0,1.0
0.4970146383028979,0.2715097447373289,1.0,1.0
0.4987798828444307,0.2718306982903348,1.0,1.0
0.5008660809389697,0.2718306982903348,1.0,1.0
0.5040756164690294,0.2708678376313169,1.0,1.0
0.5068037216695803,0.2703864073018079,1.0,1.0
0.5085689662111131,0.2703864073018079,1.0,1.0
0.5098527804231371,0.2711887911843229,1.0,1.0
0.51161802496467,0.2721516518433409,1.0,1.0
0.5135437462827058,0.2729540357258558,1.0,1.0
0.5153089908242388,0.2739168963848738,1.0,1.0
0.5162718514832567,0.2748797570438916,1.0,1.0
0.5191604334603105,0.2748797570438916,1.0,1.0
0.5214071083313524,0.2748797570438916,1.0,1.0
0.5236537832023942,0.2748797570438916,1.0,1.0
0.5259004580734362,0.2748797570438916,1.0,1.0
0.529591423933005,0.2739168963848738,1.0,1.0
0.5328009594630647,0.2739168963848738,1.0,1.0
0.5360104949931246,0.2739168963848738,1.0,1.0
0.5374547859816514,0.2735959428318678,1.0,1.0
0.5388990769701784,0.2732749892788618,1.0,1.0
0.5411457518412203,0.2724726053963467,1.0,1.0
0.5419481357237352,0.2721516518433409,1.0,1.0
0.544515764147783,0.2703864073018079,1.0,1.0
0.5464414854658188,0.2708678376313169,1.0,1.0
0.5483672067838549,0.2703864073018079,1.0,1.0
0.5509348352079027,0.269102593089784,1.0,1.0
0.5533419868554476,0.2679792556542631,1.0,1.0
0.5557491385029923,0.2668559182187421,1.0,1.0
0.5583167669270402,0.2657325807832212,1.0,1.0
0.561205348904094,0.2649301969007063,1.0,1.0
0.5631310702221299,0.2639673362416883,1.0,1.0
0.5653777450931717,0.2626835220296644,1.0,1.0
0.5684909788857696,0.2613997078176405,1.0,1.0
0.5705771769803084,0.2605973239351255,1.0,1.0
0.5728238518513503,0.2594739864996046,1.0,1.0
0.5763543409344161,0.2578692187345747,1.0,1.0
0.5798848300174819,0.2562644509695448,1.0,1.0
0.5821315048885238,0.2548201599810178,1.0,1.0
0.5855015171950866,0.2535363457689939,1.0,1.0
0.5887110527251465,0.2528944386629819,1.0,1.0
0.5919205882552062,0.251610624450958,1.0,1.0
0.595611554114775,0.2506477637919402,1.0,1.0
0.5994629967508467,0.2493639495799162,1.0,1.0
0.6020306251748946,0.2487220424739042,1.0,1.0
0.6039563464929304,0.2467963211558684,1.0,1.0
0.6062030213639723,0.2451915533908384,1.0,1.0
0.6084496962350142,0.2429448785197966,1.0,1.0
0.612301138871086,0.2406982036487547,1.0,1.0
0.6147082905186309,0.2378096216717009,1.0,1.0
0.6175968724956846,0.236204853906671,1.0,1.0
0.6208064080257445,0.23508151647115,1.0,1.0
0.6227321293437803,0.2346000861416411,1.0,1.0
0.6248504541367402,0.2315510273880842,1.0,1.0
0.6275785593372911,0.2299462596230544,1.0,1.0
0.6296647574318299,0.2273786311990065,1.0,1.0
0.6320719090793747,0.2240086188924437,1.0,1.0
0.6338371536209076,0.2217619440214018,1.0,1.0
0.6354419213859376,0.2196757459268629,1.0,1.0
0.6372071659274705,0.2179105013853301,1.0,1.0
0.6388119336925004,0.2159847800672942,1.0,1.0
0.6410586085635422,0.2135776284197493,1.0,1.0
0.643465760211087,0.2106890464426955,1.0,1.0
0.6463543421881409,0.2092447554541686,1.0,1.0
0.6495638777182007,0.2079609412421447,1.0,1.0
0.6516500758127396,0.2068376038066237,1.0,1.0
0.6545386577897934,0.2053933128180968,1.0,1.0
0.6569458094373383,0.2044304521590789,1.0,1.0
0.6596739146378892,0.2031466379470549,1.0,1.0
0.6627229733914459,0.2017023469585281,1.0,1.0
0.6652906018154938,0.2007394862995101,1.0,1.0
0.6681791837925476,0.1997766256404922,1.0,1.0
0.6718701496521163,0.1989742417579772,1.0,1.0
0.6750796851821762,0.1980113810989593,1.0,1.0
0.6782892207122361,0.1972089972164443,1.0,1.0
0.6827825704543198,0.1956042294514144,1.0,1.0
0.6847082917723556,0.1944808920158935,1.0,1.0
0.6877573505259124,0.1928761242508636,1.0,1.0
0.6904854557264632,0.1909504029328277,1.0,1.0
0.6919297467149902,0.1895061119443008,1.0,1.0
0.694978805468547,0.1880618209557738,1.0,1.0
0.6978673874456008,0.185815146084732,1.0,1.0
0.7004350158696487,0.1837289479901931,1.0,1.0
0.7026816907406905,0.1827660873311752,1.0,1.0
0.7058590995723293,0.1827660873311752,1.0,1.0
0.7053776692428204,0.1843708550962051,1.0,1.0
0.7012052730537426,0.185815146084732,1.0,1.0
0.6986376446296947,0.1875803906262649,1.0,1.0
0.697193353641168,0.1899875422738098,1.0,1.0
0.693823341334605,0.1919132635918456,1.0,1.0
0.6912557129105571,0.1939994616863845,1.0,1.0
0.6883671309335034,0.1956042294514144,1.0,1.0
0.6853180721799466,0.1970485204399413,1.0,1.0
0.6825899669793958,0.1984928114284682,1.0,1.0
0.6798618617788448,0.1997766256404922,1.0,1.0
0.6760104191427732,0.1989742417579772,1.0,1.0
0.6763313726957791,0.201862823735031,1.0,1.0
0.6758499423662702,0.2050723592650909,1.0,1.0
0.6777756636843061,0.2086028483481566,1.0,1.0
0.6800223385553479,0.2106890464426955,1.0,1.0
0.6825899669793958,0.2119728606547194,1.0,1.0
0.6857995025094556,0.2132566748667433,1.0,1.0
0.6893299915925213,0.2145404890787673,1.0,1.0
0.6918976200165692,0.2151823961847792,1.0,1.0
0.695428109099635,0.2156638265142882,1.0,1.0
0.6967119233116589,0.2138985819727553,1.0,1.0
0.695749062652641,0.2119728606547194,1.0,1.0
0.6989585981827007,0.2105285696661925,1.0,1.0
0.7015262266067486,0.2095657090071745,1.0,1.0
0.7031309943717785,0.2119728606547194,1.0,1.0
0.7042543318072995,0.2150219194082763,1.0,1.0
0.7060195763488324,0.2177500246088271,1.0,1.0
0.7085872047728803,0.21951526915036,1.0,1.0
0.7105129260909161,0.2214409904683958,1.0,1.0
0.7138829383974789,0.2227248046804198,1.0,1.0
0.7175739042570476,0.2241690956689467,1.0,1.0
0.7201415326810955,0.2262552937634856,1.0,1.0
0.7236720217641613,0.2280205383050185,1.0,1.0
0.726881557294221,0.2301067363995574,1.0,1.0
0.7305725231537898,0.2313905506115813,1.0,1.0
0.7333006283543407,0.2333162719296171,1.0,1.0
0.7379544548729273,0.2318719809410902,1.0,1.0
0.7419663742855022,0.2313905506115813,1.0,1.0
0.7463955881674454,0.2301067363995574,1.0,1.0
0.7512098914625351,0.2285019686345274,1.0,1.0
0.7549008573221039,0.2273786311990065,1.0,1.0
0.7597151606171936,0.2264157705399886,1.0,1.0
0.7638875568062714,0.2257738634339766,1.0,1.0
0.7678994762188462,0.2260948169869826,1.0,1.0
0.7714299653019119,0.2256133866574736,1.0,1.0
0.7747999776084746,0.2224038511274138,1.0,1.0
0.7764047453735047,0.219996699479869,1.0,1.0
0.7792933273505583,0.2216014672448988,1.0,1.0
0.7813795254450973,0.2233667117864317,1.0,1.0
0.7837866770926423,0.2232062350099287,1.0,1.0
0.7853914448576721,0.2209595601388869,1.0,1.0
0.7881195500582229,0.2216014672448988,1.0,1.0
0.7916500391412887,0.2216014672448988,1.0,1.0
0.7946990978948455,0.219836222703366,1.0,1.0
0.7977481566484024,0.2203176530328749,1.0,1.0
0.8015995992844741,0.2203176530328749,1.0,1.0
0.80513008836754,0.2180709781618331,1.0,1.0
0.8076977167915877,0.220157176256372,1.0,1.0
0.8102653452156356,0.219033838820851,1.0,1.0
0.8128329736396835,0.218231454938336,1.0,1.0
0.8150796485107253,0.218552408491342,1.0,1.0
0.8181287072642821,0.219033838820851,1.0,1.0
0.820535858911827,0.2172685942793181,1.0,1.0
0.8218196731238508,0.2164662103968032,1.0,1.0
0.8245477783244016,0.2180709781618331,1.0,1.0
0.8269549299719466,0.218873362044348,1.0,1.0
0.8303249422785094,0.219033838820851,1.0,1.0
0.8322506635965452,0.2177500246088271,1.0,1.0
0.8346578152440901,0.2153428729612822,1.0,1.0
0.837225443668138,0.2119728606547194,1.0,1.0
0.8393116417626769,0.2100471393366836,1.0,1.0
0.8417187934102217,0.2087633251246596,1.0,1.0
0.8450888057167845,0.2086028483481566,1.0,1.0
0.8478169109173354,0.2086028483481566,1.0,1.0
0.8513474000004011,0.2087633251246596,1.0,1.0
0.853690298251104,0.2100471393366836,1.0,1.0
0.8546531589101218,0.2134171516432463,1.0,1.0
0.853690298251104,0.2161452568437972,1.0,1.0
0.8512831466035591,0.2179105013853301,1.0,1.0
0.8493574252855233,0.2196757459268629,1.0,1.0
0.8477526575204933,0.2216014672448988,1.0,1.0
0.8474317039674873,0.2241690956689467,1.0,1.0
0.8463083665319665,0.2260948169869826,1.0,1.0
0.8450245523199424,0.2286624454110304,1.0,1.0
0.8437407381079186,0.2299462596230544,1.0,1.0
0.8418150167898826,0.2310695970585753,1.0,1.0
0.8408521561308647,0.2334767487061201,1.0,1.0
0.8418150167898826,0.2346000861416411,1.0,1.0
0.8437407381079186,0.2329953183766112,1.0,1.0
0.8453455058729484,0.2302672131760603,1.0,1.0
0.8467897968614754,0.2273786311990065,1.0,1.0
0.8488759949560143,0.2248110027749587,1.0,1.0
0.8506412394975471,0.2222433743509108,1.0,1.0
0.85240648403908,0.220157176256372,1.0,1.0
0.854171728580613,0.2177500246088271,1.0,1.0
0.8564184034516548,0.2164662103968032,1.0,1.0
0.8580231712166846,0.2153428729612822,1.0,1.0
0.8572207873341697,0.2137381051962523,1.0,1.0
0.8554555427926369,0.2113309535487075,1.0,1.0
0.854492682133619,0.2090842786776656,1.0,1.0
0.8554555427926369,0.2060352199241088,1.0,1.0
0.8572207873341697,0.2036280682765639,1.0,1.0
0.8599488925347206,0.2037885450530669,1.0,1.0
0.8623560441822654,0.2050723592650909,1.0,1.0
0.8654051029358223,0.202825684394049,1.0,1.0
0.8674913010303611,0.2010604398525161,1.0,1.0
0.869256545571894,0.1999371024169952,1.0,1.0
0.8724660811019539,0.2017023469585281,1.0,1.0
0.8756756166320135,0.2034675915000609,1.0,1.0
0.8784037218325645,0.2049118824885879,1.0,1.0
0.8808108734801092,0.2036280682765639,1.0,1.0
0.8843413625631751,0.202986161170552,1.0,1.0
0.8881928051992468,0.2002580559700011,1.0,1.0
0.8920442478353187,0.1984928114284682,1.0,1.0
0.8933280620473425,0.1972089972164443,1.0,1.0
0.8944513994828635,0.1939994616863845,1.0,1.0
0.8973399814599173,0.1957647062279174,1.0,1.0
0.8999076098839651,0.1975299507694503,1.0,1.0
0.904561436402552,0.1972089972164443,1.0,1.0
0.9076104951561088,0.1944808920158935,1.0,1.0
0.9121038448981924,0.1939994616863845,1.0,1.0
0.9143505197692344,0.1949623223454025,1.0,1.0
0.9156343339812584,0.1925551706978576,1.0,1.0
0.9172712284447092,0.1895061119443008,1.0,1.0
0.919517903315751,0.1888642048382888,1.0,1.0
0.9230483923988168,0.1887037280617858,1.0,1.0
0.9257764975993676,0.1882222977322769,1.0,1.0
0.9285046027999184,0.1874199138497619,1.0,1.0
0.9304303241179545,0.185333715755223,1.0,1.0
0.9334793828715112,0.1829265641076781,1.0,1.0
0.934602720307032,0.1810008427896423,1.0,1.0
0.935726057742553,0.1776308304830795,1.0,1.0
0.936207488072062,0.1744212949530197,1.0,1.0
0.938133209390098,0.1763470162710556,1.0,1.0
0.9400589307081338,0.1785936911420974,1.0,1.0
0.9437498965677026,0.1793960750246124,1.0,1.0
0.9477618159802772,0.1792355982481094,1.0,1.0
0.9509713515103372,0.1790751214716064,1.0,1.0
0.9543413638169,0.1766679698240615,1.0,1.0
0.9569089922409478,0.1760260627180496,1.0,1.0
0.9589951903354866,0.1773098769300735,1.0,1.0
0.9626861561950554,0.1773098769300735,1.0,1.0
0.9654142613956064,0.1766679698240615,1.0,1.0
0.968944750478672,0.1753841556120376,1.0,1.0
0.97151237890272,0.1774703537065765,1.0,1.0
0.9750428679857857,0.1789146446951034,1.0,1.0
0.9766476357508156,0.1816427498956542,1.0,1.0
0.9760057286448036,0.1843708550962051,1.0,1.0
0.9756847750917976,0.1875803906262649,1.0,1.0
0.9740800073267676,0.1907899261563247,1.0,1.0
0.972475239561738,0.1920737403683486,1.0,1.0
0.9697471343611872,0.1935180313568755,1.0,1.0
0.9678214130431512,0.1972089972164443,1.0,1.0
0.9654142613956064,0.2000975791934981,1.0,1.0
0.9631675865245644,0.202665207617546,1.0,1.0
0.9617232955360376,0.2063561734771148,1.0,1.0
0.9607604348770196,0.2092447554541686,1.0,1.0
0.9617232955360376,0.2119728606547194,1.0,1.0
0.9644514007365884,0.2140590587492583,1.0,1.0
0.9666980756076302,0.2167871639498091,1.0,1.0
0.96830284337266,0.219033838820851,1.0,1.0
0.968142366596157,0.2220828975744078,1.0,1.0
0.9660561685016184,0.2235271885629347,1.0,1.0
0.9626861561950554,0.2248110027749587,1.0,1.0
0.9622047258655464,0.2273786311990065,1.0,1.0
0.9609209116535226,0.2305881667290663,1.0,1.0
0.9625256794185524,0.2337977022591261,1.0,1.0
0.9652537846191032,0.2368467610126829,1.0,1.0
0.9670190291606362,0.2382910520012098,1.0,1.0
0.965574738172109,0.234439609365138,1.0,1.0
0.9647723542895944,0.2312300738350783,1.0,1.0
0.9676609362666482,0.2296253060700483,1.0,1.0
0.970068087914193,0.2280205383050185,1.0,1.0
0.972796193114744,0.2267367240929945,1.0,1.0
0.9755242983152946,0.2249714795514616,1.0,1.0
0.9792152641748634,0.2236876653394377,1.0,1.0
0.9816224158224084,0.2228852814569228,1.0,1.0
0.9838690906934502,0.2214409904683958,1.0,1.0
0.986276242340995,0.218391931714839,1.0,1.0
0.9891648243180488,0.2159847800672942,1.0,1.0
0.9910905456360848,0.2129357213137374,1.0,1.0
0.9914114991890908,0.2090842786776656,1.0,1.0
0.9907695920830788,0.2066771270301207,1.0,1.0
0.9872391030000128,0.2055537895945998,1.0,1.0
0.9849924281289713,0.2045909289355819,1.0,1.0
0.9830667068109352,0.2044304521590789,1.0,1.0
0.9809805087163964,0.2036280682765639,1.0,1.0
0.9793757409513664,0.202665207617546,1.0,1.0
0.9782524035158456,0.2007394862995101,1.0,1.0
0.9769685893038216,0.1991347185344802,1.0,1.0
0.9777709731863364,0.1956042294514144,1.0,1.0
0.9796966945043724,0.1920737403683486,1.0,1.0
0.9796966945043724,0.1877408674027679,1.0,1.0
0.9792152641748634,0.1848522854257141,1.0,1.0
0.9784128802923484,0.1813217963426483,1.0,1.0
0.9779314499628398,0.1773098769300735,1.0,1.0
0.9779314499628398,0.1737793878470077,1.0,1.0
0.9776104964098336,0.1705698523169479,1.0,1.0
0.9785733570688516,0.1655950722453552,1.0,1.0
0.9785733570688516,0.1619041063857864,1.0,1.0
0.9787338338453544,0.1585340940792236,1.0,1.0
0.9758452518683006,0.1569293263141938,1.0,1.0
0.9752033447622886,0.153077883678122,1.0,1.0
0.9752033447622886,0.1497078713715592,1.0,1.0
0.9747219144327796,0.1460169055119904,1.0,1.0
0.970870471796708,0.1439307074174515,1.0,1.0
0.9670190291606362,0.1415235557699067,1.0,1.0
0.9641304471835824,0.1404002183343857,1.0,1.0
0.9610813884300256,0.1395978344518708,1.0,1.0
0.9561066083584328,0.1381535434633438,1.0,1.0
0.951613258616349,0.1370302060278229,1.0,1.0
0.9477618159802772,0.136227822145308,1.0,1.0
0.9419846520261697,0.135585915039296,1.0,1.0
0.93717034873108,0.135585915039296,1.0,1.0
0.9333189060950082,0.135746391815799,1.0,1.0
0.9307512776709604,0.1336601937212601,1.0,1.0
0.9283441260234157,0.1307716117442063,1.0,1.0
0.9272207885878946,0.1275620762141465,1.0,1.0
0.9260974511523736,0.1253154013431046,1.0,1.0
0.9224064852928048,0.1245130174605897,1.0,1.0
0.918715519433236,0.1221058658130448,1.0,1.0
0.9150245535736672,0.1206615748245179,1.0,1.0
0.9122964483731164,0.1176125160709611,1.0,1.0
0.9089264360665534,0.1145634573174042,1.0,1.0
0.9081240521840388,0.1116748753403504,1.0,1.0
0.9078030986310328,0.1094282004693086,1.0,1.0
0.903470225665452,0.1092677236928056,1.0,1.0
0.8996187830293803,0.1087862933632966,1.0,1.0
0.8954463868403025,0.1086258165867936,1.0,1.0
0.8911135138747217,0.1086258165867936,1.0,1.0
0.8875830247916559,0.1092677236928056,1.0,1.0
0.8803615698490215,0.1079839094807816,1.0,1.0
0.8761891736599435,0.1065396184922547,1.0,1.0
0.870572486482339,0.1062186649392488,1.0,1.0
0.8655977064107463,0.1047743739507218,1.0,1.0
0.8609438798921596,0.1041324668447099,1.0,1.0
0.8558086230440639,0.1036510365152009,1.0,1.0
0.854043378502531,0.101885791973668,1.0,1.0
0.8493895519839442,0.1009229313146501,1.0,1.0
0.8471428771129023,0.101404361644159,1.0,1.0
0.8450566790183636,0.0988367332201112,1.0,1.0
0.8437728648063395,0.0964295815725664,1.0,1.0
0.8386376079582438,0.0935409995955125,1.0,1.0
0.8328604440041363,0.0919362318304826,1.0,1.0
0.8267623264970226,0.0908128943949617,1.0,1.0
0.820022301883897,0.0893686034064348,1.0,1.0
0.8142451379297894,0.0872824053118959,1.0,1.0
0.8075051133166637,0.08535668399386,1.0,1.0
0.802690810021574,0.0840728697818361,1.0,1.0
0.7953088783024366,0.0827890555698122,1.0,1.0
0.787285039477287,0.0810238110282793,1.0,1.0
0.7813473987466764,0.0803819039222673,1.0,1.0
0.7750888044630597,0.0794190432632494,1.0,1.0
0.769953547614964,0.0794190432632494,1.0,1.0
0.7649787675433712,0.0784561826042314,1.0,1.0
0.7596830339187727,0.0778142754982195,1.0,1.0
0.7553501609531919,0.0763699845096925,1.0,1.0
0.7506963344346052,0.0752466470741716,1.0,1.0
0.7450796472570005,0.0765304612861955,1.0,1.0
0.738660576196881,0.0744442631916567,1.0,1.0
0.7311181677012403,0.0728394954266268,1.0,1.0
0.7184405023575041,0.0701113902260759,1.0,1.0
0.7097747564263426,0.068827576014052,1.0,1.0
0.704158069248738,0.0681856689080401,1.0,1.0
0.7011090104951812,0.0707532973320879,1.0,1.0
0.6985413820711334,0.068667099237549,1.0,1.0
0.6931814342285931,0.0664204243665071,1.0,1.0
0.6874042702744855,0.0659389940369982,1.0,1.0
0.6819480598733838,0.0652970869309862,1.0,1.0
0.6764918494722821,0.0638527959424593,1.0,1.0
0.6699123016356595,0.0620875514009264,1.0,1.0
0.6622094163635159,0.0603223068593935,1.0,1.0
0.6533831936558515,0.0593594462003756,1.0,1.0
0.6469641225957319,0.0585570623178606,1.0,1.0
0.6373355160055525,0.0587175390943636,1.0,1.0
0.627867386191876,0.0591989694238726,1.0,1.0
0.6203249776962354,0.0585570623178606,1.0,1.0
0.6148687672951338,0.0577546784353457,1.0,1.0
0.6089632532629442,0.0579151552118487,1.0,1.0
0.5999765537787767,0.0574337248823397,1.0,1.0
0.593557482718657,0.0569522945528307,1.0,1.0
0.5893850865295793,0.0566313409998247,1.0,1.0
0.5845707832344896,0.0566313409998247,1.0,1.0
0.579275049609891,0.0572732481058367,1.0,1.0
0.5743002695382983,0.0572732481058367,1.0,1.0
0.5678811984781786,0.0579151552118487,1.0,1.0
0.562745941630083,0.0582361087648546,1.0,1.0
0.5582525918879992,0.0585570623178606,1.0,1.0
0.5545616260284304,0.0590384926473696,1.0,1.0
0.5508706601688617,0.0591989694238726,1.0,1.0
0.54541444976776,0.0587175390943636,1.0,1.0
0.5399582393666583,0.0580756319883516,1.0,1.0
0.5348229825185626,0.0580756319883516,1.0,1.0
0.528885341787952,0.0580756319883516,1.0,1.0
0.5245524688223713,0.0583965855413576,1.0,1.0
0.5203800726332934,0.0577546784353457,1.0,1.0
0.5150843390086948,0.0598408765298845,1.0,1.0
0.5101416464566225,0.0593594462003756,1.0,1.0
0.5035620986199999,0.0591989694238726,1.0,1.0
0.4968220740068744,0.0591989694238726,1.0,1.0
0.4900820493937488,0.0596803997533815,1.0,1.0
0.487193467416695,0.0587175390943636,1.0,1.0
0.4823791641216052,0.0585570623178606,1.0,1.0
0.4785277214855333,0.0583965855413576,1.0,1.0
0.4735529414139408,0.0575942016588427,1.0,1.0
0.4687386381188511,0.0571127713293337,1.0,1.0
0.4634429044942523,0.0559894338938128,1.0,1.0
0.4587890779756656,0.0548660964582918,1.0,1.0
0.4542957282335819,0.0548660964582918,1.0,1.0
0.4506047623740132,0.0556684803408068,1.0,1.0
0.4467533197379414,0.0566313409998247,1.0,1.0
0.4424204467723606,0.0553475267878008,1.0,1.0
0.436803759594756,0.0547056196817888,1.0,1.0
0.4329523169586842,0.0540637125757769,1.0,1.0
0.4282984904400975,0.052458944810747,1.0,1.0
0.4233237103685047,0.051335607375226,1.0,1.0
0.4188303606264211,0.0495703628336931,1.0,1.0
0.4143370108843374,0.0481260718451662,1.0,1.0
0.4108065218012714,0.0460398737506274,1.0,1.0
0.4072760327182057,0.0441141524325915,1.0,1.0
0.403424590082134,0.0421884311145556,1.0,1.0
0.3989312403400503,0.0402627097965197,1.0,1.0
0.3952081673715107,0.0396208026905077,1.0,1.0
0.389912433746912,0.0388184188079928,1.0,1.0
0.3836538394632954,0.036090313607442,1.0,1.0
0.3791604897212117,0.0338436387364001,1.0,1.0
0.3720995115550801,0.0315969638653582,1.0,1.0
0.3684085456955113,0.0299921961003283,1.0,1.0
0.3645571030594396,0.0299921961003283,1.0,1.0
0.3618289978588887,0.0287083818883044,1.0,1.0
0.357977555222817,0.0271036141232745,1.0,1.0
0.3573356481168049,0.0293502889943163,1.0,1.0
0.3532595340757389,0.0277455212292865,1.0,1.0
0.3489266611101583,0.0264617070172625,1.0,1.0
0.3441123578150685,0.0251778928052386,1.0,1.0
0.3399399616259908,0.0238940785932147,1.0,1.0
0.3351256583309011,0.0271036141232745,1.0,1.0
0.3322370763538472,0.0293502889943163,1.0,1.0
0.3279042033882665,0.0301526728768313,1.0,1.0
0.3234108536461827,0.0309550567593463,1.0,1.0
0.318917503904099,0.0317574406418612,1.0,1.0
0.3158684451505422,0.0320783941948672,1.0,1.0
0.3124984328439794,0.034646022618915,1.0,1.0
0.3102517579729376,0.0362507903839449,1.0,1.0
0.3080050831018956,0.0381765117019808,1.0,1.0
0.3052769779013449,0.0397812794670107,1.0,1.0
0.303030303030303,0.0423489078910586,1.0,1.0
0.3011045817122671,0.0455584434211184,1.0,1.0
0.2985369532882193,0.0484470253981722,1.0,1.0
0.2929202661106146,0.0497308396101961,1.0,1.0
0.2884590136827765,0.0502122699397051,1.0,1.0
0.2836447103876868,0.0511751305987231,1.0,1.0
0.2778675464335791,0.0511751305987231,1.0,1.0
0.2720903824794715,0.0511751305987231,1.0,1.0
0.2688808469494116,0.0511751305987231,1.0,1.0
0.2647084507603339,0.051335607375226,1.0,1.0
0.2584498564767173,0.051977514481238,1.0,1.0
0.2539565067346336,0.0503727467162081,1.0,1.0
0.2489817266630409,0.0489284557276812,1.0,1.0
0.2430440859324302,0.0487679789511782,1.0,1.0
0.2374273987548255,0.0487679789511782,1.0,1.0
0.2316502348007179,0.0505332234927111,1.0,1.0
0.227156885058634,0.0527798983637529,1.0,1.0
0.2239473495285744,0.0543846661287828,1.0,1.0
0.2197107587110054,0.0535822822462679,1.0,1.0
0.2153778857454245,0.0532613286932619,1.0,1.0
0.2108845360033409,0.052940375140256,1.0,1.0
0.2060702327082512,0.05261942158725,1.0,1.0
0.2031816507311973,0.052458944810747,1.0,1.0
0.1985278242126106,0.053100851916759,1.0,1.0
0.1948368583530418,0.0540637125757769,1.0,1.0
0.1906644621639641,0.0566313409998247,1.0,1.0
0.1872944498574013,0.0603223068593935,1.0,1.0
0.1844058678803475,0.0638527959424593,1.0,1.0
0.1815172859032936,0.0667413779195131,1.0,1.0
0.1786287039262398,0.069309006343561,1.0,1.0
0.1765425058317009,0.0728394954266268,1.0,1.0
0.174616784513665,0.0746047399681596,1.0,1.0
0.1722096328661202,0.0771723683922075,1.0,1.0
0.1718886793131142,0.0800609503692613,1.0,1.0
0.1725305864191262,0.0829495323463151,1.0,1.0
0.1683260978131654,0.085517160770363,1.0,1.0
0.1660794229421235,0.0874428820883989,1.0,1.0
0.1623884570825547,0.0871219285353929,1.0,1.0
0.158537014446483,0.0861590678763749,1.0,1.0
0.1558089092459321,0.0874428820883989,1.0,1.0
0.1532412808218843,0.0895290801829378,1.0,1.0
0.1509946059508424,0.0932200460425066,1.0,1.0
0.1492293614093095,0.0964295815725664,1.0,1.0
0.1473036400912736,0.0983553028906022,1.0,1.0
0.1453779187732377,0.0983553028906022,1.0,1.0
0.1445755348907228,0.0954667209135484,1.0,1.0
0.140724092254651,0.0945038602545305,1.0,1.0
0.1351074050770463,0.0946643370310334,1.0,1.0
0.1312559624409746,0.0951457673605424,1.0,1.0
0.1282069036874178,0.0940224299250215,1.0,1.0
0.1232321236158251,0.0940224299250215,1.0,1.0
0.1200225880857653,0.0941829067015245,1.0,1.0
0.1193806809797533,0.0993181635496202,1.0,1.0
0.1184178203207353,0.102367222303177,1.0,1.0
0.1156897151201845,0.1034905597386979,1.0,1.0
0.1132825634726397,0.102206745526674,1.0,1.0
0.1116777957076098,0.1004415009851411,1.0,1.0
0.1094311208365678,0.0997995938791291,1.0,1.0
0.1105544582720888,0.102848652632686,1.0,1.0
0.1115173189311068,0.1042929436212129,1.0,1.0
0.1089496905070589,0.1041324668447099,1.0,1.0
0.1077057707546342,0.1032353570871758,1.0,1.0
0.1073491556957387,0.1018802198633728,1.0,1.0
0.1065646025661684,0.1008103746866862,1.0,1.0
0.1059940184719356,0.0991699454157667,1.0,1.0
0.104924173295249,0.0975295161448472,1.0,1.0
0.1042822661892371,0.0961743789210442,1.0,1.0
0.1027844829418758,0.0943199806147874,1.0,1.0
0.1024991908947594,0.0936067504969964,1.0,1.0
0.1016433147534101,0.0929648433909844,1.0,1.0
0.1016433147534101,0.094747918685462,1.0,1.0
0.1030697749889923,0.0963883479563815,1.0,1.0
0.1036403590832251,0.0978861312037428,1.0,1.0
0.1042822661892371,0.0995265604746622,1.0,1.0
0.1054234343777028,0.1010243437220235,1.0,1.0
0.1060653414837148,0.1030213880518385,1.0,1.0
0.1072778326839596,0.104019910216746,1.0,1.0
0.1086329699077626,0.1049471093698743,1.0,1.0
0.109560169060891,0.1052324014169908,1.0,1.0
0.1094175230373327,0.1058743085230027,1.0,1.0
0.106921217625064,0.1058743085230027,1.0,1.0
0.1061366644954938,0.1063735696054565,1.0,1.0
0.1041396201656789,0.1065162156290147,1.0,1.0
0.1023565448712012,0.1065162156290147,1.0,1.0
0.1028558059536549,0.1075147377939222,1.0,1.0
0.104210943177458,0.1076573838174804,1.0,1.0
0.1056374034130401,0.1076573838174804,1.0,1.0
0.1063506335308312,0.1080853218881551,1.0,1.0
0.1086329699077626,0.1080853218881551,1.0,1.0
0.1076344477428551,0.1087985520059461,1.0,1.0
0.106207987507273,0.109369136100179,1.0,1.0
0.104210943177458,0.1096544281472954,1.0,1.0
0.1054947573894819,0.1111522113946567,1.0,1.0
0.1070638636486221,0.1117941185006686,1.0,1.0
0.1087756159313207,0.1123647025949015,1.0,1.0
0.1102020761669028,0.1115088264535522,1.0,1.0
0.1116998594142642,0.1111522113946567,1.0,1.0
0.1132689656734045,0.1105816273004238,1.0,1.0
0.1148380719325449,0.1099397201944118,1.0,1.0
0.1164785012034643,0.1095117821237372,1.0,1.0
0.1181902534861629,0.1086559059823879,1.0,1.0
0.1192600986628495,0.1097257511590745,1.0,1.0
0.1210431739573272,0.109369136100179,1.0,1.0
0.1221130191340137,0.1101536892297491,1.0,1.0
0.1231115412989213,0.1109382423593193,1.0,1.0
0.1240387404520497,0.1117941185006686,1.0,1.0
0.1251799086405154,0.1118654415124477,1.0,1.0
0.1258931387583065,0.1111522113946567,1.0,1.0
0.1272625414551075,0.110724273323982,1.0,1.0
0.1283323866317941,0.1105103042886447,1.0,1.0
0.1294022318084808,0.1097970741708536,1.0,1.0
0.1304007539733882,0.1092978130883999,1.0,1.0
0.1318272142089704,0.1085845829706088,1.0,1.0
0.1325404443267615,0.1082279679117133,1.0,1.0
0.133538966491669,0.1078713528528177,1.0,1.0
0.1344661656447973,0.1078000298410386,1.0,1.0
0.135607333833263,0.1070867997232475,1.0,1.0
0.1367485020217287,0.1065162156290147,1.0,1.0
0.1378183471984153,0.1063735696054565,1.0,1.0
0.139601422492893,0.1068015076761311,1.0,1.0
0.1412418517638125,0.106730184664352,1.0,1.0
0.1426683119993946,0.1066588616525729,1.0,1.0
0.1445227103056514,0.1066588616525729,1.0,1.0
0.1451646174116633,0.1066588616525729,1.0,1.0
0.1460918165647917,0.1050184323816535,1.0,1.0
0.1465910776472455,0.1043052022638624,1.0,1.0
0.1472329847532574,0.1031640340753967,1.0,1.0
0.1478035688474903,0.1020228658869309,1.0,1.0
0.1490160600477351,0.1030927110636176,1.0,1.0
0.1506564893186546,0.1039485872049669,1.0,1.0
0.1512270734128874,0.1043765252756415,1.0,1.0
0.1518689805188994,0.1050897553934326,1.0,1.0
0.1527961796720278,0.1045904943109788,1.0,1.0
0.1542226399076099,0.1038059411814086,1.0,1.0
0.155577777131413,0.1033066800989549,1.0,1.0
0.1568615913434369,0.1026647729929429,1.0,1.0
0.1576461444730071,0.1020228658869309,1.0,1.0
0.1595005427792638,0.1019515428751519,1.0,1.0
0.1606417109677295,0.1019515428751519,1.0,1.0
0.1624961092739863,0.1018802198633728,1.0,1.0
0.1641365385449058,0.1018802198633728,1.0,1.0
0.1653490297451506,0.1012383127573608,1.0,1.0
0.1661335828747208,0.1003111136042324,1.0,1.0
0.1671321050396283,0.099383914451104,1.0,1.0
0.1677740121456402,0.0977434851801846,1.0,1.0
0.1674887200985238,0.0961743789210442,1.0,1.0
0.168273273228094,0.0983853922861965,1.0,1.0
0.1690578263576641,0.0999544985453369,1.0,1.0
0.1693431184047806,0.1005964056513488,1.0,1.0
0.170270317557909,0.1018088968515937,1.0,1.0
0.1707695786403627,0.1025934499811638,1.0,1.0
0.1710548706874791,0.1034493261225131,1.0,1.0
0.1711261936992583,0.1041625562403042,1.0,1.0
0.1703416405696881,0.1049471093698743,1.0,1.0
0.1699137024990134,0.1066588616525729,1.0,1.0
0.1698423794872343,0.1076573838174804,1.0,1.0
0.1689151803341059,0.1084419369470506,1.0,1.0
0.1674887200985238,0.1092264900766207,1.0,1.0
0.1659909368511626,0.1100110432061909,1.0,1.0
0.164921091674476,0.1104389812768656,1.0,1.0
0.1629953703564401,0.110724273323982,1.0,1.0
0.1607130339795086,0.1110808883828775,1.0,1.0
0.1594292197674847,0.1114375034417731,1.0,1.0
0.1563623302609831,0.112079410547785,1.0,1.0
0.1551498390607383,0.1123647025949015,1.0,1.0
0.1526535336484696,0.112721317653797,1.0,1.0
0.1543652859311682,0.1140051318658209,1.0,1.0
0.1560770382138667,0.1152176230660658,1.0,1.0
0.1565049762845413,0.1158595301720777,1.0,1.0
0.1552211620725174,0.1166440833016479,1.0,1.0
0.1532954407544815,0.1165014372780897,1.0,1.0
0.1516550114835621,0.1166440833016479,1.0,1.0
0.1513697194364456,0.1175712824547763,1.0,1.0
0.152938825695586,0.118712450643242,1.0,1.0
0.1543652859311682,0.1197822958199286,1.0,1.0
0.1555064541196338,0.1209947870201734,1.0,1.0
0.154935870025401,0.1235624154442212,1.0,1.0
0.1543652859311682,0.1252741677269198,1.0,1.0
0.1537947018369353,0.1261300438682691,1.0,1.0
0.1518689805188994,0.1263440129036064,1.0,1.0
0.1507278123304337,0.1263440129036064,1.0,1.0
0.1500859052244217,0.1251315217033616,1.0,1.0
0.1491587060712933,0.123419769420663,1.0,1.0
0.1482315069181649,0.1215653711144062,1.0,1.0
0.1473043077650365,0.1199249418434868,1.0,1.0
0.146305785600129,0.1184271585961255,1.0,1.0
0.1447366793409887,0.1171433443841016,1.0,1.0
0.1423116969404991,0.1160021761956359,1.0,1.0
0.1405286216460214,0.115360269089624,1.0,1.0
0.1374617321395198,0.1150749770425075,1.0,1.0
0.1346801346801347,0.1155029151131822,1.0,1.0
0.1318985372207495,0.1161448222191941,1.0,1.0
0.1306860460205047,0.116715406313427,1.0,1.0
0.1281184175964568,0.1183558355843464,1.0,1.0
0.1266919573608747,0.1197822958199286,1.0,1.0
0.1253368201370716,0.1212087560555107,1.0,1.0
0.1238390368897104,0.1232771233971048,1.0,1.0
0.1221272846070118,0.1258447518211526,1.0,1.0
0.1214853775009999,0.1267006279625019,1.0,1.0
0.1197736252183013,0.1294822254218871,1.0,1.0
0.1191317181122893,0.1304807475867946,1.0,1.0
0.1186181915568376,0.132763083963726,1.0,1.0
0.1174770233683718,0.1345461592582037,1.0,1.0
0.1164785012034643,0.1364005575644604,1.0,1.0
0.1156226250621151,0.1394674470709621,1.0,1.0
0.1151946869914404,0.1412505223654397,1.0,1.0
0.1148380719325449,0.1430335976599174,1.0,1.0
0.1139108727794165,0.1456725490957444,1.0,1.0
0.113554257720521,0.1477409164373385,1.0,1.0
0.1117711824260433,0.1498092837789326,1.0,1.0
0.1104160452022403,0.151449713049852,1.0,1.0
0.1092035540019955,0.1528048502736551,1.0,1.0
0.106921217625064,0.1542313105092372,1.0,1.0
0.105466230796697,0.1548732176152491,1.0,1.0
0.1039684475493357,0.1558717397801567,1.0,1.0
0.1023280182784162,0.1568702619450641,1.0,1.0
0.1003309739486013,0.1583680451924254,1.0,1.0
0.0991898057601355,0.159437890369112,1.0,1.0
0.098191283595228,0.1605790585575777,1.0,1.0
0.0973354074538788,0.1615775807224852,1.0,1.0
0.0957663011947384,0.1630753639698464,1.0,1.0
0.0946251330062726,0.1642165321583122,1.0,1.0
0.0929133807235741,0.1646444702289868,1.0,1.0
0.0916295665115501,0.1656429923938943,1.0,1.0
0.0897751682052934,0.1667128375705809,1.0,1.0
0.088776646040386,0.1672834216648137,1.0,1.0
0.0877781238754785,0.1684959128650586,1.0,1.0
0.0897751682052934,0.1691378199710705,1.0,1.0
0.089489876158177,0.1705642802066527,1.0,1.0
0.0886197345438297,0.1730605856189214,1.0,1.0
0.0874072433435847,0.1749863069369573,1.0,1.0
0.08619475214334,0.1767693822314349,1.0,1.0
0.0846969688959788,0.1788377495730291,1.0,1.0
0.0838410927546295,0.1803355328203903,1.0,1.0
0.0822719864954892,0.1819046390795307,1.0,1.0
0.0812734643305817,0.1839016834093456,1.0,1.0
0.0803462651774533,0.1829744842562172,1.0,1.0
0.0787771589183129,0.1836877143740083,1.0,1.0
0.0772793756709517,0.184828882562474,1.0,1.0
0.0757102694118113,0.186825926892289,1.0,1.0
0.0747117472469038,0.186825926892289,1.0,1.0
0.0727147029170889,0.1885376791749876,1.0,1.0
0.0713595656932858,0.1891795862809995,1.0,1.0
0.0693625213634708,0.1902494314576862,1.0,1.0
0.0677934151043305,0.190820015551919,1.0,1.0
0.0665809239040857,0.1916758916932683,1.0,1.0
0.0642129990423771,0.1928883828935131,1.0,1.0
0.0625012467596785,0.1938155820466415,1.0,1.0
0.0610747865240964,0.1945288121644325,1.0,1.0
0.0600049413474098,0.1950280732468863,1.0,1.0
0.0590777421942814,0.1955986573411192,1.0,1.0
0.0610747865240964,0.1969537945649222,1.0,1.0
0.0617880166418874,0.1985229008240626,1.0,1.0
0.0602189103827471,0.1993787769654118,1.0,1.0
0.0585071581000485,0.1988795158829581,1.0,1.0
0.056153498711338,0.1983089317887252,1.0,1.0
0.0535858702872902,0.1975957016709342,1.0,1.0
0.0518741180045916,0.1965971795060266,1.0,1.0
0.050162365721893,0.1958839493882356,1.0,1.0
0.0482366444038572,0.1950280732468863,1.0,1.0
0.0463109230858213,0.1940295510819788,1.0,1.0
0.0445278477913436,0.1933876439759669,1.0,1.0
0.0431013875557615,0.1927457368699549,1.0,1.0
0.0411043432259465,0.1931023519288504,1.0,1.0
0.1974365840913352,0.1473007197240143,1.0,2.0
0.1988808750798622,0.1495473945950562,1.0,2.0
0.2004856428448921,0.150991685583583,1.0,2.0
0.2035347015984489,0.1498683481480621,1.0,2.0
0.2054604229164848,0.1497078713715592,1.0,2.0
0.2075466210110236,0.1497078713715592,1.0,2.0
0.2091513887760536,0.150991685583583,1.0,2.0
0.2089909119995506,0.1535593140076309,1.0,2.0
0.2093118655525566,0.1566083727611877,1.0,2.0
0.2109166333175865,0.1590155244087326,1.0,2.0
0.2118794939766045,0.1607807689502655,1.0,2.0
0.2115585404235985,0.1638298277038223,1.0,2.0
0.2113980636470954,0.1673603167868881,1.0,2.0
0.2099537726585686,0.1681627006694031,1.0,2.0
0.2077070977875267,0.1676812703398941,1.0,2.0
0.2054604229164848,0.1681627006694031,1.0,2.0
0.2033742248219459,0.1686441309989121,1.0,2.0
0.2016089802804131,0.1670393632338821,1.0,2.0
0.200646119621395,0.1639903044803253,1.0,2.0
0.1996832589623772,0.1619041063857864,1.0,2.0
0.1982389679738503,0.1591760011852356,1.0,2.0
0.1975970608678383,0.1574107566437027,1.0,2.0
0.1971156305383293,0.1558059888786728,1.0,2.0
0.1959922931028083,0.1542012211136429,1.0,2.0
0.1967946769853234,0.15243597657211,1.0,2.0
0.1971156305383293,0.1498683481480621,1.0,2.0
0.1704764856388329,0.1537197907841339,1.0,2.0
0.1715998230743539,0.1554850353256668,1.0,2.0
0.1704764856388329,0.1562874192081818,1.0,2.0
0.1682298107677911,0.1562874192081818,1.0,2.0
0.169513624979815,0.1550036049961578,1.0,2.0
0.1673144284063786,0.1445692712572863,1.0,2.0
0.16720744388871,0.1485276984110268,1.0,2.0
0.1687052271360712,0.1489556364817014,1.0,2.0
0.1709519020071131,0.1490626209993701,1.0,2.0
0.1684912581007339,0.1461740390223162,1.0,2.0
0.1584347134398799,0.1376152776088234,1.0,2.0
0.1592905895812291,0.139968936997534,1.0,2.0
0.1611093263815964,0.1418946583155698,1.0,2.0
0.1631420322173009,0.1422156118685758,1.0,2.0
0.1648537844999995,0.1416806892802325,1.0,2.0
0.1671004593710413,0.1413597357272265,1.0,2.0
0.1648537844999995,0.1391130608561847,1.0,2.0
0.1613232954169337,0.1376152776088234,1.0,2.0
0.1748033446431848,0.121674584476193,1.0,2.0
0.1768360504788894,0.1197488631581571,1.0,2.0
0.1786547872792566,0.1182510799107959,1.0,2.0
0.1795106634206059,0.1164323431104287,1.0,2.0
0.1815433692563105,0.1155764669690794,1.0,2.0
0.1834690905743462,0.1172882192517779,1.0,2.0
0.183897028645021,0.1188929870168079,1.0,2.0
0.1849668738217076,0.1207117238171751,1.0,2.0
0.1867856106220748,0.1224234760998736,1.0,2.0
0.1875345022457554,0.1237072903118976,1.0,2.0
0.1834690905743462,0.1221025225468676,1.0,2.0
0.1816503537739791,0.1225304606175423,1.0,2.0
0.1807944776326297,0.1236003057942289,1.0,2.0
0.1813294002209731,0.1245631664532468,1.0,2.0
0.1800455860089491,0.1248841200062528,1.0,2.0
0.1788687563145939,0.1262749187359454,1.0,2.0
0.1769430349965581,0.1248841200062528,1.0,2.0
0.1748033446431848,0.1237072903118976,1.0,2.0
0.3892705266409,0.218391931714839,1.0,2.0
0.3913567247354389,0.218391931714839,1.0,2.0
0.3936033996064809,0.2175895478323241,1.0,2.0
0.3958500744775227,0.2172685942793181,1.0,2.0
0.3955291209245167,0.219033838820851,1.0,2.0
0.3969734119130436,0.2220828975744078,1.0,2.0
0.3980967493485645,0.2248110027749587,1.0,2.0
0.3992200867840855,0.2270576776460005,1.0,2.0
0.4001829474431034,0.2293043525170424,1.0,2.0
0.4009853313256184,0.2315510273880842,1.0,2.0
0.4019481919846363,0.2331557951531142,1.0,2.0
0.4023268756475488,0.2341130837018368,1.0,2.0
0.4028974597417817,0.2350402828549652,1.0,2.0
0.4038246588949101,0.2359674820080936,1.0,2.0
0.4028974597417817,0.2359674820080936,1.0,2.0
0.4019702605886533,0.2348263138196279,1.0,2.0
0.4014709995061996,0.2331858845487084,1.0,2.0
0.4005438003530711,0.2324013314191383,1.0,2.0
0.3994026321646055,0.231545455277789,1.0,2.0
0.3983327869879189,0.2307609021482188,1.0,2.0
0.3968350037405577,0.2296197339597531,1.0,2.0
0.39583648157565,0.2284785657712874,1.0,2.0
0.3946239903754053,0.2272660745710426,1.0,2.0
0.3936967912222769,0.2266241674650306,1.0,2.0
0.3929122380927067,0.2254116762647858,1.0,2.0
0.3921276849631366,0.2251977072294485,1.0,2.0
0.3915571008689038,0.2250550612058903,1.0,2.0
0.39105783978645,0.224199185064541,1.0,2.0
0.389702702562647,0.2229866938642962,1.0,2.0
0.3894887335273096,0.2221308177229469,1.0,2.0
0.3894887335273096,0.2199911273695737,1.0,2.0
0.7111478201737361,0.1777160837705967,1.0,2.0
0.7145178324802989,0.1755496472878063,1.0,2.0
0.7171656992925983,0.1736239259697705,1.0,2.0
0.7202949964344065,0.171938919816489,1.0,2.0
0.7222207177524425,0.1707353439927166,1.0,2.0
0.7243871542352328,0.1688096226746807,1.0,2.0
0.7279978817065501,0.1680874771804173,1.0,2.0
0.730886463683604,0.1671246165213993,1.0,2.0
0.7344971911549213,0.1664024710271359,1.0,2.0
0.7381079186262385,0.1654396103681179,1.0,2.0
0.7409965006032923,0.1659210406976269,1.0,2.0
0.7337750456606578,0.1697724833336987,1.0,2.0
0.7289607423655681,0.1712167743222256,1.0,2.0
0.7241464390704783,0.1731424956402615,1.0,2.0
0.7246278693999874,0.1753089321230518,1.0,2.0
0.7202949964344065,0.1765125079468243,1.0,2.0
0.7174064144573528,0.1767532231115788,1.0,2.0
0.7137956869860355,0.1777160837705967,1.0,2.0
0.9740847349140964,0.1948519945615567,1.0,2.0
0.97141012197238,0.1965637468442552,1.0,2.0
0.9699123387250186,0.1981685146092851,1.0,2.0
0.9687355090306632,0.1995593133389777,1.0,2.0
0.9673447103009708,0.2015920191746822,1.0,2.0
0.9657399425359408,0.2041596475987301,1.0,2.0
0.9648840663945916,0.2059783843990973,1.0,2.0
0.9649910509122602,0.2076901366817959,1.0,2.0
0.9649910509122602,0.2105787186588497,1.0,2.0
0.9649910509122602,0.2121834864238796,1.0,2.0
0.9664888341596216,0.2134673006359035,1.0,2.0
0.9674516948186396,0.2151790529186021,1.0,2.0
0.9695913851720126,0.2169977897189693,1.0,2.0
0.9705542458310306,0.2182816039309933,1.0,2.0
0.9719450445607232,0.2196724026606858,1.0,2.0
0.9726939361844038,0.2209562168727097,1.0,2.0
0.9726939361844038,0.223095907226083,1.0,2.0
0.9737637813610904,0.2236308298144263,1.0,2.0
0.9754755336437888,0.222454000120071,1.0,2.0
0.9766523633381444,0.2210632013903784,1.0,2.0
0.9787920536915172,0.2203143097666978,1.0,2.0
0.979861898868204,0.2195654181430172,1.0,2.0
0.9812526975978966,0.2187095420016679,1.0,2.0
0.9831784189159324,0.2178536658603186,1.0,2.0
0.9845692176456252,0.2169977897189693,1.0,2.0
0.9857460473399804,0.2152860374362707,1.0,2.0
0.9869228770343356,0.2141092077419155,1.0,2.0
0.9876717686580164,0.2127184090122229,1.0,2.0
0.9872438305873416,0.2100437960705064,1.0,2.0
0.9868158925166668,0.2088669663761511,1.0,2.0
0.9869228770343356,0.2065133069874406,1.0,2.0
0.9846762021632935,0.2058713998814286,1.0,2.0
0.9826434963275892,0.205443461810754,1.0,2.0
0.980503805974216,0.2049085392224107,1.0,2.0
0.9772942704441562,0.2035177404927181,1.0,2.0
0.9763314097851384,0.2021269417630255,1.0,2.0
0.9754755336437888,0.2002012204449897,1.0,2.0
0.9749406110554456,0.1981685146092851,1.0,2.0
0.9752615646084516,0.1960288242559119,1.0,2.0
0.046279498331410054,0.19550900158088524,1.0,0.0
0.05637449380127304,0.19887400007083958,1.0,0.0
0.05637449380127304,0.20223899856079391,1.0,0.0
0.05973949229122737,0.19550900158088524,1.0,0.0
0.05973949229122737,0.20223899856079391,1.0,0.0
0.05973949229122737,0.20560399705074822,1.0,0.0
0.05973949229122737,0.20896899554070256,1.0,0.0
0.05973949229122737,0.2123339940306569,1.0,0.0
0.06310449078118169,0.19550900158088524,1.0,0.0
0.06310449078118169,0.19887400007083958,1.0,0.0
0.06310449078118169,0.20223899856079391,1.0,0.0
0.06310449078118169,0.20560399705074822,1.0,0.0
0.06310449078118169,0.20896899554070256,1.0,0.0
0.06310449078118169,0.2123339940306569,1.0,0.0
0.06646948927113602,0.19214400309093094,1.0,0.0
0.06646948927113602,0.19550900158088524,1.0,0.0
0.06646948927113602,0.19887400007083958,1.0,0.0
0.06646948927113602,0.20223899856079391,1.0,0.0
0.06646948927113602,0.20560399705074822,1.0,0.0
0.06646948927113602,0.20896899554070256,1.0,0.0
0.06646948927113602,0.2123339940306569,1.0,0.0
0.06646948927113602,0.2156989925206112,1.0,0.0
0.06983448776109036,0.19214400309093094,1.0,0.0
0.06983448776109036,0.19550900158088524,1.0,0.0
0.06983448776109036,0.19887400007083958,1.0,0.0
0.06983448776109036,0.20223899856079391,1.0,0.0
0.06983448776109036,0.20560399705074822,1.0,0.0
0.06983448776109036,0.20896899554070256,1.0,0.0
0.06983448776109036,0.2123339940306569,1.0,0.0
0.06983448776109036,0.2156989925206112,1.0,0.0
0.06983448776109036,0.21906399101056553,1.0,0.0
0.06983448776109036,0.22242898950051984,1.0,0.0
0.07319948625104468,0.1887790046009766,1.0,0.0
0.07319948625104468,0.19214400309093094,1.0,0.0
0.07319948625104468,0.19550900158088524,1.0,0.0
0.07319948625104468,0.19887400007083958,1.0,0.0
0.07319948625104468,0.20223899856079391,1.0,0.0
0.07319948625104468,0.20560399705074822,1.0,0.0
0.07319948625104468,0.20896899554070256,1.0,0.0
0.07319948625104468,0.2123339940306569,1.0,0.0
0.07319948625104468,0.2156989925206112,1.0,0.0
0.07319948625104468,0.21906399101056553,1.0,0.0
0.07319948625104468,0.22242898950051984,1.0,0.0
0.076564484740999,0.1887790046009766,1.0,0.0
0.076564484740999,0.19214400309093094,1.0,0.0
0.076564484740999,0.19550900158088524,1.0,0.0
0.076564484740999,0.19887400007083958,1.0,0.0
0.076564484740999,0.20223899856079391,1.0,0.0
0.076564484740999,0.20560399705074822,1.0,0.0
0.076564484740999,0.20896899554070256,1.0,0.0
0.076564484740999,0.2123339940306569,1.0,0.0
0.076564484740999,0.2156989925206112,1.0,0.0
0.076564484740999,0.21906399101056553,1.0,0.0
0.076564484740999,0.22242898950051984,1.0,0.0
0.076564484740999,0.22579398799047418,1.0,0.0
0.07992948323095334,0.18541400611102227,1.0,0.0
0.07992948323095334,0.1887790046009766,1.0,0.0
0.07992948323095334,0.19214400309093094,1.0,0.0
0.07992948323095334,0.19550900158088524,1.0,0.0
0.07992948323095334,0.19887400007083958,1.0,0.0
0.07992948323095334,0.20223899856079391,1.0,0.0
0.07992948323095334,0.20560399705074822,1.0,0.0
0.07992948323095334,0.20896899554070256,1.0,0.0
0.07992948323095334,0.2123339940306569,1.0,0.0
0.07992948323095334,0.2156989925206112,1.0,0.0
0.07992948323095334,0.21906399101056553,1.0,0.0
0.07992948323095334,0.22242898950051984,1.0,0.0
0.07992948323095334,0.22579398799047418,1.0,0.0
0.07992948323095334,0.2291589864804285,1.0,0.0
0.08329448172090767,0.18204900762106796,1.0,0.0
0.08329448172090767,0.18541400611102227,1.0,0.0
0.08329448172090767,0.1887790046009766,1.0,0.0
0.08329448172090767,0.19214400309093094,1.0,0.0
0.08329448172090767,0.19550900158088524,1.0,0.0
0.08329448172090767,0.19887400007083958,1.0,0.0
0.08329448172090767,0.20223899856079391,1.0,0.0
0.08329448172090767,0.20560399705074822,1.0,0.0
0.08329448172090767,0.20896899554070256,1.0,0.0
0.08329448172090767,0.2123339940306569,1.0,0.0
0.08329448172090767,0.2156989925206112,1.0,0.0
0.08329448172090767,0.21906399101056553,1.0,0.0
0.08329448172090767,0.22242898950051984,1.0,0.0
0.08329448172090767,0.22579398799047418,1.0,0.0
0.08329448172090767,0.2291589864804285,1.0,0.0
0.08665948021086199,0.17868400913111362,1.0,0.0
0.08665948021086199,0.18204900762106796,1.0,0.0
0.08665948021086199,0.18541400611102227,1.0,0.0
0.08665948021086199,0.1887790046009766,1.0,0.0
0.08665948021086199,0.19214400309093094,1.0,0.0
0.08665948021086199,0.19550900158088524,1.0,0.0
0.08665948021086199,0.19887400007083958,1.0,0.0
0.08665948021086199,0.20223899856079391,1.0,0.0
0.08665948021086199,0.20560399705074822,1.0,0.0
0.08665948021086199,0.20896899554070256,1.0,0.0
0.08665948021086199,0.2123339940306569,1.0,0.0
0.08665948021086199,0.2156989925206112,1.0,0.0
0.08665948021086199,0.21906399101056553,1.0,0.0
0.08665948021086199,0.22242898950051984,1.0,0.0
0.08665948021086199,0.22579398799047418,1.0,0.0
0.08665948021086199,0.2291589864804285,1.0,0.0
0.08665948021086199,0.23252398497038282,1.0,0.0
0.09002447870081631,0.16858901366125065,1.0,0.0
0.09002447870081631,0.17195401215120498,1.0,0.0
0.09002447870081631,0.17531901064115932,1.0,0.0
0.09002447870081631,0.17868400913111362,1.0,0.0
0.09002447870081631,0.18204900762106796,1.0,0.0
0.09002447870081631,0.18541400611102227,1.0,0.0
0.09002447870081631,0.1887790046009766,1.0,0.0
0.09002447870081631,0.19214400309093094,1.0,0.0
0.09002447870081631,0.19550900158088524,1.0,0.0
0.09002447870081631,0.19887400007083958,1.0,0.0
0.09002447870081631,0.20223899856079391,1.0,0.0
0.09002447870081631,0.20560399705074822,1.0,0.0
0.09002447870081631,0.20896899554070256,1.0,0.0
0.09002447870081631,0.2123339940306569,1.0,0.0
0.09002447870081631,0.2156989925206112,1.0,0.0
0.09002447870081631,0.21906399101056553,1.0,0.0
0.09002447870081631,0.22242898950051984,1.0,0.0
0.09002447870081631,0.22579398799047418,1.0,0.0
0.09002447870081631,0.2291589864804285,1.0,0.0
0.09002447870081631,0.23252398497038282,1.0,0.0
0.09002447870081631,0.23588898346033715,1.0,0.0
0.09002447870081631,0.2426189804402458,1.0,0.0
0.09338947719077065,0.16522401517129634,1.0,0.0
0.09338947719077065,0.16858901366125065,1.0,0.0
0.09338947719077065,0.17195401215120498,1.0,0.0
0.09338947719077065,0.17531901064115932,1.0,0.0
0.09338947719077065,0.17868400913111362,1.0,0.0
0.09338947719077065,0.18204900762106796,1.0,0.0
0.09338947719077065,0.18541400611102227,1.0,0.0
0.09338947719077065,0.1887790046009766,1.0,0.0
0.09338947719077065,0.19214400309093094,1.0,0.0
0.09338947719077065,0.19550900158088524,1.0,0.0
0.09338947719077065,0.19887400007083958,1.0,0.0
0.09338947719077065,0.20223899856079391,1.0,0.0
0.09338947719077065,0.20560399705074822,1.0,0.0
0.09338947719077065,0.20896899554070256,1.0,0.0
0.09338947719077065,0.2123339940306569,1.0,0.0
0.09338947719077065,0.2156989925206112,1.0,0.0
0.09338947719077065,0.21906399101056553,1.0,0.0
0.09338947719077065,0.22242898950051984,1.0,0.0
0.09338947719077065,0.22579398799047418,1.0,0.0
0.09338947719077065,0.2291589864804285,1.0,0.0
0.09338947719077065,0.23252398497038282,1.0,0.0
0.09338947719077065,0.23588898346033715,1.0,0.0
0.09338947719077065,0.23925398195029146,1.0,0.0
0.09675447568072498,0.16522401517129634,1.0,0.0
0.09675447568072498,0.16858901366125065,1.0,0.0
0.09675447568072498,0.17195401215120498,1.0,0.0
0.09675447568072498,0.17531901064115932,1.0,0.0
0.09675447568072498,0.17868400913111362,1.0,0.0
0.09675447568072498,0.18204900762106796,1.0,0.0
0.09675447568072498,0.18541400611102227,1.0,0.0
0.09675447568072498,0.1887790046009766,1.0,0.0
0.09675447568072498,0.19214400309093094,1.0,0.0
0.09675447568072498,0.19550900158088524,1.0,0.0
0.09675447568072498,0.19887400007083958,1.0,0.0
0.09675447568072498,0.20223899856079391,1.0,0.0
0.09675447568072498,0.20560399705074822,1.0,0.0
0.09675447568072498,0.20896899554070256,1.0,0.0
0.09675447568072498,0.2123339940306569,1.0,0.0
0.09675447568072498,0.2156989925206112,1.0,0.0
0.09675447568072498,0.21906399101056553,1.0,0.0
0.09675447568072498,0.22242898950051984,1.0,0.0
0.09675447568072498,0.22579398799047418,1.0,0.0
0.09675447568072498,0.2291589864804285,1.0,0.0
0.09675447568072498,0.23252398497038282,1.0,0.0
0.09675447568072498,0.23588898346033715,1.0,0.0
0.1001194741706793,0.161859016681342,1.0,0.0
0.1001194741706793,0.16522401517129634,1.0,0.0
0.1001194741706793,0.16858901366125065,1.0,0.0
0.1001194741706793,0.17195401215120498,1.0,0.0
0.1001194741706793,0.17531901064115932,1.0,0.0
0.1001194741706793,0.17868400913111362,1.0,0.0
0.1001194741706793,0.18204900762106796,1.0,0.0
0.1001194741706793,0.18541400611102227,1.0,0.0
0.1001194741706793,0.1887790046009766,1.0,0.0
0.1001194741706793,0.19214400309093094,1.0,0.0
0.1001194741706793,0.19550900158088524,1.0,0.0
0.1001194741706793,0.19887400007083958,1.0,0.0
0.1001194741706793,0.20223899856079391,1.0,0.0
0.1001194741706793,0.20560399705074822,1.0,0.0
0.1001194741706793,0.20896899554070256,1.0,0.0
0.1001194741706793,0.2123339940306569,1.0,0.0
0.1001194741706793,0.2156989925206112,1.0,0.0
0.1001194741706793,0.21906399101056553,1.0,0.0
0.1001194741706793,0.22242898950051984,1.0,0.0
0.1001194741706793,0.22579398799047418,1.0,0.0
0.1001194741706793,0.2291589864804285,1.0,0.0
0.1001194741706793,0.23252398497038282,1.0,0.0
0.1001194741706793,0.23588898346033715,1.0,0.0
0.1001194741706793,0.23925398195029146,1.0,0.0
0.1001194741706793,0.2426189804402458,1.0,0.0
0.10348447266063363,0.1584940181913877,1.0,0.0
0.10348447266063363,0.161859016681342,1.0,0.0
0.10348447266063363,0.16522401517129634,1.0,0.0
0.10348447266063363,0.16858901366125065,1.0,0.0
0.10348447266063363,0.17195401215120498,1.0,0.0
0.10348447266063363,0.17531901064115932,1.0,0.0
0.10348447266063363,0.17868400913111362,1.0,0.0
0.10348447266063363,0.18204900762106796,1.0,0.0
0.10348447266063363,0.18541400611102227,1.0,0.0
0.10348447266063363,0.1887790046009766,1.0,0.0
0.10348447266063363,0.19214400309093094,1.0,0.0
0.10348447266063363,0.19550900158088524,1.0,0.0
0.10348447266063363,0.19887400007083958,1.0,0.0
0.10348447266063363,0.20223899856079391,1.0,0.0
0.10348447266063363,0.20560399705074822,1.0,0.0
0.10348447266063363,0.20896899554070256,1.0,0.0
0.10348447266063363,0.2123339940306569,1.0,0.0
0.10348447266063363,0.2156989925206112,1.0,0.0
0.10348447266063363,0.21906399101056553,1.0,0.0
0.10348447266063363,0.22242898950051984,1.0,0.0
0.10348447266063363,0.22579398799047418,1.0,0.0
0.10348447266063363,0.2291589864804285,1.0,0.0
0.10348447266063363,0.23252398497038282,1.0,0.0
0.10348447266063363,0.23588898346033715,1.0,0.0
0.10348447266063363,0.23925398195029146,1.0,0.0
0.10348447266063363,0.2426189804402458,1.0,0.0
0.10684947115058796,0.10128904386216417,1.0,0.0
0.10684947115058796,0.10801904084207281,1.0,0.0
0.10684947115058796,0.11138403933202715,1.0,0.0
0.10684947115058796,0.15512901970143336,1.0,0.0
0.10684947115058796,0.1584940181913877,1.0,0.0
0.10684947115058796,0.161859016681342,1.0,0.0
0.10684947115058796,0.16522401517129634,1.0,0.0
0.10684947115058796,0.16858901366125065,1.0,0.0
0.10684947115058796,0.17195401215120498,1.0,0.0
0.10684947115058796,0.17531901064115932,1.0,0.0
0.10684947115058796,0.17868400913111362,1.0,0.0
0.10684947115058796,0.18204900762106796,1.0,0.0
0.10684947115058796,0.18541400611102227,1.0,0.0
0.10684947115058796,0.1887790046009766,1.0,0.0
0.10684947115058796,0.19214400309093094,1.0,0.0
0.10684947115058796,0.19550900158088524,1.0,0.0
0.10684947115058796,0.19887400007083958,1.0,0.0
0.10684947115058796,0.20223899856079391,1.0,0.0
0.10684947115058796,0.20560399705074822,1.0,0.0
0.10684947115058796,0.20896899554070256,1.0,0.0
0.10684947115058796,0.2123339940306569,1.0,0.0
0.10684947115058796,0.2156989925206112,1.0,0.0
0.10684947115058796,0.21906399101056553,1.0,0.0
0.10684947115058796,0.22242898950051984,1.0,0.0
0.10684947115058796,0.22579398799047418,1.0,0.0
0.10684947115058796,0.2291589864804285,1.0,0.0
0.10684947115058796,0.23252398497038282,1.0,0.0
0.10684947115058796,0.23588898346033715,1.0,0.0
0.10684947115058796,0.23925398195029146,1.0,0.0
0.10684947115058796,0.2426189804402458,1.0,0.0
0.1102144696405423,0.10128904386216417,1.0,0.0
0.1102144696405423,0.10465404235211849,1.0,0.0
0.1102144696405423,0.10801904084207281,1.0,0.0
0.1102144696405423,0.11138403933202715,1.0,0.0
0.1102144696405423,0.15176402121147903,1.0,0.0
0.1102144696405423,0.15512901970143336,1.0,0.0
0.1102144696405423,0.1584940181913877,1.0,0.0
0.1102144696405423,0.161859016681342,1.0,0.0
0.1102144696405423,0.16522401517129634,1.0,0.0
0.1102144696405423,0.16858901366125065,1.0,0.0
0.1102144696405423,0.17195401215120498,1.0,0.0
0.1102144696405423,0.17531901064115932,1.0,0.0
0.1102144696405423,0.17868400913111362,1.0,0.0
0.1102144696405423,0.18204900762106796,1.0,0.0
0.1102144696405423,0.18541400611102227,1.0,0.0
0.1102144696405423,0.1887790046009766,1.0,0.0
0.1102144696405423,0.19214400309093094,1.0,0.0
0.1102144696405423,0.19550900158088524,1.0,0.0
0.1102144696405423,0.19887400007083958,1.0,0.0
0.1102144696405423,0.20223899856079391,1.0,0.0
0.1102144696405423,0.20560399705074822,1.0,0.0
0.1102144696405423,0.20896899554070256,1.0,0.0
0.1102144696405423,0.2123339940306569,1.0,0.0
0.1102144696405423,0.2156989925206112,1.0,0.0
0.1102144696405423,0.21906399101056553,1.0,0.0
0.1102144696405423,0.22242898950051984,1.0,0.0
0.1102144696405423,0.22579398799047418,1.0,0.0
0.1102144696405423,0.2291589864804285,1.0,0.0
0.1102144696405423,0.23252398497038282,1.0,0.0
0.1102144696405423,0.23588898346033715,1.0,0.0
0.1102144696405423,0.23925398195029146,1.0,0.0
0.1102144696405423,0.2426189804402458,1.0,0.0
0.11357946813049662,0.10465404235211849,1.0,0.0
0.11357946813049662,0.10801904084207281,1.0,0.0
0.11357946813049662,0.14839902272152472,1.0,0.0
0.11357946813049662,0.15176402121147903,1.0,0.0
0.11357946813049662,0.15512901970143336,1.0,0.0
0.11357946813049662,0.1584940181913877,1.0,0.0
0.11357946813049662,0.161859016681342,1.0,0.0
0.11357946813049662,0.16522401517129634,1.0,0.0
0.11357946813049662,0.16858901366125065,1.0,0.0
0.11357946813049662,0.17195401215120498,1.0,0.0
0.11357946813049662,0.17531901064115932,1.0,0.0
0.11357946813049662,0.17868400913111362,1.0,0.0
0.11357946813049662,0.18204900762106796,1.0,0.0
0.11357946813049662,0.18541400611102227,1.0,0.0
0.11357946813049662,0.1887790046009766,1.0,0.0
0.11357946813049662,0.19214400309093094,1.0,0.0
0.11357946813049662,0.19550900158088524,1.0,0.0
0.11357946813049662,0.19887400007083958,1.0,0.0
0.11357946813049662,0.20223899856079391,1.0,0.0
0.11357946813049662,0.20560399705074822,1.0,0.0
0.11357946813049662,0.20896899554070256,1.0,0.0
0.11357946813049662,0.2123339940306569,1.0,0.0
0.11357946813049662,0.2156989925206112,1.0,0.0
0.11357946813049662,0.21906399101056553,1.0,0.0
0.11357946813049662,0.22242898950051984,1.0,0.0
0.11357946813049662,0.22579398799047418,1.0,0.0
0.11357946813049662,0.2291589864804285,1.0,0.0
0.11357946813049662,0.23252398497038282,1.0,0.0
0.11357946813049662,0.23588898346033715,1.0,0.0
0.11357946813049662,0.23925398195029146,1.0,0.0
0.11694446662045094,0.10465404235211849,1.0,0.0
0.11694446662045094,0.10801904084207281,1.0,0.0
0.11694446662045094,0.13830402725166174,1.0,0.0
0.11694446662045094,0.14166902574161605,1.0,0.0
0.11694446662045094,0.14503402423157039,1.0,0.0
0.11694446662045094,0.14839902272152472,1.0,0.0
0.11694446662045094,0.15176402121147903,1.0,0.0
0.11694446662045094,0.15512901970143336,1.0,0.0
0.11694446662045094,0.1584940181913877,1.0,0.0
0.11694446662045094,0.161859016681342,1.0,0.0
0.11694446662045094,0.16522401517129634,1.0,0.0
0.11694446662045094,0.16858901366125065,1.0,0.0
0.11694446662045094,0.17195401215120498,1.0,0.0
0.11694446662045094,0.17531901064115932,1.0,0.0
0.11694446662045094,0.17868400913111362,1.0,0.0
0.11694446662045094,0.18204900762106796,1.0,0.0
0.11694446662045094,0.18541400611102227,1.0,0.0
0.11694446662045094,0.1887790046009766,1.0,0.0
0.11694446662045094,0.19214400309093094,1.0,0.0
0.11694446662045094,0.19550900158088524,1.0,0.0
0.11694446662045094,0.19887400007083958,1.0,0.0
0.11694446662045094,0.20223899856079391,1.0,0.0
0.11694446662045094,0.20560399705074822,1.0,0.0
0.11694446662045094,0.20896899554070256,1.0,0.0
0.11694446662045094,0.2123339940306569,1.0,0.0
0.11694446662045094,0.2156989925206112,1.0,0.0
0.11694446662045094,0.21906399101056553,1.0,0.0
0.11694446662045094,0.22242898950051984,1.0,0.0
0.11694446662045094,0.22579398799047418,1.0,0.0
0.11694446662045094,0.2291589864804285,1.0,0.0
0.11694446662045094,0.23252398497038282,1.0,0.0
0.11694446662045094,0.23588898346033715,1.0,0.0
0.11694446662045094,0.23925398195029146,1.0,0.0
0.11694446662045094,0.2426189804402458,1.0,0.0
0.12030946511040527,0.09455904688225551,1.0,0.0
0.12030946511040527,0.09792404537220983,1.0,0.0
0.12030946511040527,0.10128904386216417,1.0,0.0
0.12030946511040527,0.10465404235211849,1.0,0.0
0.12030946511040527,0.10801904084207281,1.0,0.0
0.12030946511040527,0.13157403027175307,1.0,0.0
0.12030946511040527,0.1349390287617074,1.0,0.0
0.12030946511040527,0.13830402725166174,1.0,0.0
0.12030946511040527,0.14166902574161605,1.0,0.0
0.12030946511040527,0.14503402423157039,1.0,0.0
0.12030946511040527,0.14839902272152472,1.0,0.0
0.12030946511040527,0.15176402121147903,1.0,0.0
0.12030946511040527,0.15512901970143336,1.0,0.0
0.12030946511040527,0.1584940181913877,1.0,0.0
0.12030946511040527,0.161859016681342,1.0,0.0
0.12030946511040527,0.16522401517129634,1.0,0.0
0.12030946511040527,0.16858901366125065,1.0,0.0
0.12030946511040527,0.17195401215120498,1.0,0.0
0.12030946511040527,0.17531901064115932,1.0,0.0
0.12030946511040527,0.17868400913111362,1.0,0.0
0.12030946511040527,0.18204900762106796,1.0,0.0
0.12030946511040527,0.18541400611102227,1.0,0.0
0.12030946511040527,0.1887790046009766,1.0,0.0
0.12030946511040527,0.19214400309093094,1.0,0.0
0.12030946511040527,0.19550900158088524,1.0,0.0
0.12030946511040527,0.19887400007083958,1.0,0.0
0.12030946511040527,0.20223899856079391,1.0,0.0
0.12030946511040527,0.20560399705074822,1.0,0.0
0.12030946511040527,0.20896899554070256,1.0,0.0
0.12030946511040527,0.2123339940306569,1.0,0.0
0.12030946511040527,0.2156989925206112,1.0,0.0
0.12030946511040527,0.21906399101056553,1.0,0.0
0.12030946511040527,0.22242898950051984,1.0,0.0
0.12030946511040527,0.22579398799047418,1.0,0.0
0.12030946511040527,0.2291589864804285,1.0,0.0
0.12030946511040527,0.23252398497038282,1.0,0.0
0.12030946511040527,0.23588898346033715,1.0,0.0
0.12030946511040527,0.23925398195029146,1.0,0.0
0.12030946511040527,0.2426189804402458,1.0,0.0
0.12030946511040527,0.24598397893020013,1.0,0.0
0.12367446360035961,0.09455904688225551,1.0,0.0
0.12367446360035961,0.09792404537220983,1.0,0.0
0.12367446360035961,0.10128904386216417,1.0,0.0
0.12367446360035961,0.10465404235211849,1.0,0.0
0.12367446360035961,0.10801904084207281,1.0,0.0
0.12367446360035961,0.11138403933202715,1.0,0.0
0.12367446360035961,0.12484403329184443,1.0,0.0
0.12367446360035961,0.12820903178179877,1.0,0.0
0.12367446360035961,0.13157403027175307,1.0,0.0
0.12367446360035961,0.1349390287617074,1.0,0.0
0.12367446360035961,0.13830402725166174,1.0,0.0
0.12367446360035961,0.14166902574161605,1.0,0.0
0.12367446360035961,0.14503402423157039,1.0,0.0
0.12367446360035961,0.14839902272152472,1.0,0.0
0.12367446360035961,0.15176402121147903,1.0,0.0
0.12367446360035961,0.15512901970143336,1.0,0.0
0.12367446360035961,0.1584940181913877,1.0,0.0
0.12367446360035961,0.161859016681342,1.0,0.0
0.12367446360035961,0.16522401517129634,1.0,0.0
0.12367446360035961,0.16858901366125065,1.0,0.0
0.12367446360035961,0.17195401215120498,1.0,0.0
0.12367446360035961,0.17531901064115932,1.0,0.0
0.12367446360035961,0.17868400913111362,1.0,0.0
0.12367446360035961,0.18204900762106796,1.0,0.0
0.12367446360035961,0.18541400611102227,1.0,0.0
0.12367446360035961,0.1887790046009766,1.0,0.0
0.12367446360035961,0.19214400309093094,1.0,0.0
0.12367446360035961,0.19550900158088524,1.0,0.0
0.12367446360035961,0.19887400007083958,1.0,0.0
0.12367446360035961,0.20223899856079391,1.0,0.0
0.12367446360035961,0.20560399705074822,1.0,0.0
0.12367446360035961,0.20896899554070256,1.0,0.0
0.12367446360035961,0.2123339940306569,1.0,0.0
0.12367446360035961,0.2156989925206112,1.0,0.0
0.12367446360035961,0.21906399101056553,1.0,0.0
0.12367446360035961,0.22242898950051984,1.0,0.0
0.12367446360035961,0.22579398799047418,1.0,0.0
0.12367446360035961,0.2291589864804285,1.0,0.0
0.12367446360035961,0.23252398497038282,1.0,0.0
0.12367446360035961,0.23588898346033715,1.0,0.0
0.12367446360035961,0.23925398195029146,1.0,0.0
0.12367446360035961,0.2426189804402458,1.0,0.0
0.12367446360035961,0.24598397893020013,1.0,0.0
0.12367446360035961,0.24934897742015444,1.0,0.0
0.12703946209031391,0.09455904688225551,1.0,0.0
0.12703946209031391,0.09792404537220983,1.0,0.0
0.12703946209031391,0.10128904386216417,1.0,0.0
0.12703946209031391,0.10465404235211849,1.0,0.0
0.12703946209031391,0.10801904084207281,1.0,0.0
0.12703946209031391,0.12147903480189011,1.0,0.0
0.12703946209031391,0.12484403329184443,1.0,0.0
0.12703946209031391,0.12820903178179877,1.0,0.0
0.12703946209031391,0.13157403027175307,1.0,0.0
0.12703946209031391,0.1349390287617074,1.0,0.0
0.12703946209031391,0.13830402725166174,1.0,0.0
0.12703946209031391,0.14166902574161605,1.0,0.0
0.12703946209031391,0.14503402423157039,1.0,0.0
0.12703946209031391,0.14839902272152472,1.0,0.0
0.12703946209031391,0.15176402121147903,1.0,0.0
0.12703946209031391,0.15512901970143336,1.0,0.0
0.12703946209031391,0.1584940181913877,1.0,0.0
0.12703946209031391,0.161859016681342,1.0,0.0
0.12703946209031391,0.16522401517129634,1.0,0.0
0.12703946209031391,0.16858901366125065,1.0,0.0
0.12703946209031391,0.17195401215120498,1.0,0.0
0.12703946209031391,0.17531901064115932,1.0,0.0
0.12703946209031391,0.17868400913111362,1.0,0.0
0.12703946209031391,0.18204900762106796,1.0,0.0
0.12703946209031391,0.18541400611102227,1.0,0.0
0.12703946209031391,0.1887790046009766,1.0,0.0
0.12703946209031391,0.19214400309093094,1.0,0.0
0.12703946209031391,0.19550900158088524,1.0,0.0
0.12703946209031391,0.19887400007083958,1.0,0.0
0.12703946209031391,0.20223899856079391,1.0,0.0
0.12703946209031391,0.20560399705074822,1.0,0.0
0.12703946209031391,0.20896899554070256,1.0,0.0
0.12703946209031391,0.2123339940306569,1.0,0.0
0.12703946209031391,0.2156989925206112,1.0,0.0
0.12703946209031391,0.21906399101056553,1.0,0.0
0.12703946209031391,0.22242898950051984,1.0,0.0
0.12703946209031391,0.22579398799047418,1.0,0.0
0.12703946209031391,0.2291589864804285,1.0,0.0
0.12703946209031391,0.23252398497038282,1.0,0.0
0.12703946209031391,0.23588898346033715,1.0,0.0
0.12703946209031391,0.23925398195029146,1.0,0.0
0.12703946209031391,0.2426189804402458,1.0,0.0
0.12703946209031391,0.24598397893020013,1.0,0.0
0.12703946209031391,0.24934897742015444,1.0,0.0
0.13040446058026825,0.09792404537220983,1.0,0.0
0.13040446058026825,0.10128904386216417,1.0,0.0
0.13040446058026825,0.10465404235211849,1.0,0.0
0.13040446058026825,0.10801904084207281,1.0,0.0
0.13040446058026825,0.11811403631193579,1.0,0.0
0.13040446058026825,0.12147903480189011,1.0,0.0
0.13040446058026825,0.12484403329184443,1.0,0.0
0.13040446058026825,0.12820903178179877,1.0,0.0
0.13040446058026825,0.13157403027175307,1.0,0.0
0.13040446058026825,0.1349390287617074,1.0,0.0
0.13040446058026825,0.13830402725166174,1.0,0.0
0.13040446058026825,0.14166902574161605,1.0,0.0
0.13040446058026825,0.14503402423157039,1.0,0.0
0.13040446058026825,0.14839902272152472,1.0,0.0
0.13040446058026825,0.15176402121147903,1.0,0.0
0.13040446058026825,0.15512901970143336,1.0,0.0
0.13040446058026825,0.1584940181913877,1.0,0.0
0.13040446058026825,0.161859016681342,1.0,0.0
0.13040446058026825,0.16522401517129634,1.0,0.0
0.13040446058026825,0.16858901366125065,1.0,0.0
0.13040446058026825,0.17195401215120498,1.0,0.0
0.13040446058026825,0.17531901064115932,1.0,0.0
0.13040446058026825,0.17868400913111362,1.0,0.0
0.13040446058026825,0.18204900762106796,1.0,0.0
0.13040446058026825,0.18541400611102227,1.0,0.0
0.13040446058026825,0.1887790046009766,1.0,0.0
0.13040446058026825,0.19214400309093094,1.0,0.0
0.13040446058026825,0.19550900158088524,1.0,0.0
0.13040446058026825,0.19887400007083958,1.0,0.0
0.13040446058026825,0.20223899856079391,1.0,0.0
0.13040446058026825,0.20560399705074822,1.0,0.0
0.13040446058026825,0.20896899554070256,1.0,0.0
0.13040446058026825,0.2123339940306569,1.0,0.0
0.13040446058026825,0.2156989925206112,1.0,0.0
0.13040446058026825,0.21906399101056553,1.0,0.0
0.13040446058026825,0.22242898950051984,1.0,0.0
0.13040446058026825,0.22579398799047418,1.0,0.0
0.13040446058026825,0.2291589864804285,1.0,0.0
0.13040446058026825,0.23252398497038282,1.0,0.0
0.13040446058026825,0.23588898346033715,1.0,0.0
0.13040446058026825,0.23925398195029146,1.0,0.0
0.13040446058026825,0.2426189804402458,1.0,0.0
0.13040446058026825,0.24598397893020013,1.0,0.0
0.13040446058026825,0.24934897742015444,1.0,0.0
0.13040446058026825,0.2527139759101088,1.0,0.0
0.13040446058026825,0.2661739698699261,1.0,0.0
0.13376945907022258,0.09792404537220983,1.0,0.0
0.13376945907022258,0.10128904386216417,1.0,0.0
0.13376945907022258,0.10465404235211849,1.0,0.0
0.13376945907022258,0.11811403631193579,1.0,0.0
0.13376945907022258,0.12147903480189011,1.0,0.0
0.13376945907022258,0.12484403329184443,1.0,0.0
0.13376945907022258,0.12820903178179877,1.0,0.0
0.13376945907022258,0.13157403027175307,1.0,0.0
0.13376945907022258,0.1349390287617074,1.0,0.0
0.13376945907022258,0.13830402725166174,1.0,0.0
0.13376945907022258,0.14166902574161605,1.0,0.0
0.13376945907022258,0.14503402423157039,1.0,0.0
0.13376945907022258,0.14839902272152472,1.0,0.0
0.13376945907022258,0.15176402121147903,1.0,0.0
0.13376945907022258,0.15512901970143336,1.0,0.0
0.13376945907022258,0.1584940181913877,1.0,0.0
0.13376945907022258,0.161859016681342,1.0,0.0
0.13376945907022258,0.16522401517129634,1.0,0.0
0.13376945907022258,0.16858901366125065,1.0,0.0
0.13376945907022258,0.17195401215120498,1.0,0.0
0.13376945907022258,0.17531901064115932,1.0,0.0
0.13376945907022258,0.17868400913111362,1.0,0.0
0.13376945907022258,0.18204900762106796,1.0,0.0
0.13376945907022258,0.18541400611102227,1.0,0.0
0.13376945907022258,0.1887790046009766,1.0,0.0
0.13376945907022258,0.19214400309093094,1.0,0.0
0.13376945907022258,0.19550900158088524,1.0,0.0
0.13376945907022258,0.19887400007083958,1.0,0.0
0.13376945907022258,0.20223899856079391,1.0,0.0
0.13376945907022258,0.20560399705074822,1.0,0.0
0.13376945907022258,0.20896899554070256,1.0,0.0
0.13376945907022258,0.2123339940306569,1.0,0.0
0.13376945907022258,0.2156989925206112,1.0,0.0
0.13376945907022258,0.21906399101056553,1.0,0.0
0.13376945907022258,0.22242898950051984,1.0,0.0
0.13376945907022258,0.22579398799047418,1.0,0.0
0.13376945907022258,0.2291589864804285,1.0,0.0
0.13376945907022258,0.23252398497038282,1.0,0.0
0.13376945907022258,0.23588898346033715,1.0,0.0
0.13376945907022258,0.23925398195029146,1.0,0.0
0.13376945907022258,0.2426189804402458,1.0,0.0
0.13376945907022258,0.24598397893020013,1.0,0.0
0.13376945907022258,0.24934897742015444,1.0,0.0
0.13376945907022258,0.2527139759101088,1.0,0.0
0.13376945907022258,0.2560789744000631,1.0,0.0
0.13376945907022258,0.2594439728900174,1.0,0.0
0.13376945907022258,0.2628089713799717,1.0,0.0
0.13713445756017692,0.09792404537220983,1.0,0.0
0.13713445756017692,0.10128904386216417,1.0,0.0
0.13713445756017692,0.10465404235211849,1.0,0.0
0.13713445756017692,0.11811403631193579,1.0,0.0
0.13713445756017692,0.12147903480189011,1.0,0.0
0.13713445756017692,0.12484403329184443,1.0,0.0
0.13713445756017692,0.12820903178179877,1.0,0.0
0.13713445756017692,0.13157403027175307,1.0,0.0
0.13713445756017692,0.1349390287617074,1.0,0.0
0.13713445756017692,0.13830402725166174,1.0,0.0
0.13713445756017692,0.14166902574161605,1.0,0.0
0.13713445756017692,0.14503402423157039,1.0,0.0
0.13713445756017692,0.14839902272152472,1.0,0.0
0.13713445756017692,0.15176402121147903,1.0,0.0
0.13713445756017692,0.15512901970143336,1.0,0.0
0.13713445756017692,0.1584940181913877,1.0,0.0
0.13713445756017692,0.161859016681342,1.0,0.0
0.13713445756017692,0.16522401517129634,1.0,0.0
0.13713445756017692,0.16858901366125065,1.0,0.0
0.13713445756017692,0.17195401215120498,1.0,0.0
0.13713445756017692,0.17531901064115932,1.0,0.0
0.13713445756017692,0.17868400913111362,1.0,0.0
0.13713445756017692,0.18204900762106796,1.0,0.0
0.13713445756017692,0.18541400611102227,1.0,0.0
0.13713445756017692,0.1887790046009766,1.0,0.0
0.13713445756017692,0.19214400309093094,1.0,0.0
0.13713445756017692,0.19550900158088524,1.0,0.0
0.13713445756017692,0.19887400007083958,1.0,0.0
0.13713445756017692,0.20223899856079391,1.0,0.0
0.13713445756017692,0.20560399705074822,1.0,0.0
0.13713445756017692,0.20896899554070256,1.0,0.0
0.13713445756017692,0.2123339940306569,1.0,0.0
0.13713445756017692,0.2156989925206112,1.0,0.0
0.13713445756017692,0.21906399101056553,1.0,0.0
0.13713445756017692,0.22242898950051984,1.0,0.0
0.13713445756017692,0.22579398799047418,1.0,0.0
0.13713445756017692,0.2291589864804285,1.0,0.0
0.13713445756017692,0.23252398497038282,1.0,0.0
0.13713445756017692,0.23588898346033715,1.0,0.0
0.13713445756017692,0.23925398195029146,1.0,0.0
0.13713445756017692,0.2426189804402458,1.0,0.0
0.13713445756017692,0.24598397893020013,1.0,0.0
0.13713445756017692,0.24934897742015444,1.0,0.0
0.13713445756017692,0.2527139759101088,1.0,0.0
0.13713445756017692,0.2560789744000631,1.0,0.0
0.13713445756017692,0.2594439728900174,1.0,0.0
0.13713445756017692,0.2628089713799717,1.0,0.0
0.14049945605013126,0.09455904688225551,1.0,0.0
0.14049945605013126,0.09792404537220983,1.0,0.0
0.14049945605013126,0.10128904386216417,1.0,0.0
0.14049945605013126,0.10465404235211849,1.0,0.0
0.14049945605013126,0.11811403631193579,1.0,0.0
0.14049945605013126,0.12147903480189011,1.0,0.0
0.14049945605013126,0.12484403329184443,1.0,0.0
0.14049945605013126,0.12820903178179877,1.0,0.0
0.14049945605013126,0.13157403027175307,1.0,0.0
0.14049945605013126,0.1349390287617074,1.0,0.0
0.14049945605013126,0.13830402725166174,1.0,0.0
0.14049945605013126,0.14166902574161605,1.0,0.0
0.14049945605013126,0.14503402423157039,1.0,0.0
0.14049945605013126,0.14839902272152472,1.0,0.0
0.14049945605013126,0.15176402121147903,1.0,0.0
0.14049945605013126,0.15512901970143336,1.0,0.0
0.14049945605013126,0.1584940181913877,1.0,0.0
0.14049945605013126,0.161859016681342,1.0,0.0
0.14049945605013126,0.16522401517129634,1.0,0.0
0.14049945605013126,0.16858901366125065,1.0,0.0
0.14049945605013126,0.17195401215120498,1.0,0.0
0.14049945605013126,0.17531901064115932,1.0,0.0
0.14049945605013126,0.17868400913111362,1.0,0.0
0.14049945605013126,0.18204900762106796,1.0,0.0
0.14049945605013126,0.18541400611102227,1.0,0.0
0.14049945605013126,0.1887790046009766,1.0,0.0
0.14049945605013126,0.19214400309093094,1.0,0.0
0.14049945605013126,0.19550900158088524,1.0,0.0
0.14049945605013126,0.19887400007083958,1.0,0.0
0.14049945605013126,0.20223899856079391,1.0,0.0
0.14049945605013126,0.20560399705074822,1.0,0.0
0.14049945605013126,0.20896899554070256,1.0,0.0
0.14049945605013126,0.2123339940306569,1.0,0.0
0.14049945605013126,0.2156989925206112,1.0,0.0
0.14049945605013126,0.21906399101056553,1.0,0.0
0.14049945605013126,0.22242898950051984,1.0,0.0
0.14049945605013126,0.22579398799047418,1.0,0.0
0.14049945605013126,0.2291589864804285,1.0,0.0
0.14049945605013126,0.23252398497038282,1.0,0.0
0.14049945605013126,0.23588898346033715,1.0,0.0
0.14049945605013126,0.23925398195029146,1.0,0.0
0.14049945605013126,0.2426189804402458,1.0,0.0
0.14049945605013126,0.24598397893020013,1.0,0.0
0.14049945605013126,0.24934897742015444,1.0,0.0
0.14049945605013126,0.2527139759101088,1.0,0.0
0.14049945605013126,0.2560789744000631,1.0,0.0
0.14049945605013126,0.2594439728900174,1.0,0.0
0.14049945605013126,0.2628089713799717,1.0,0.0
0.14049945605013126,0.2661739698699261,1.0,0.0
0.14049945605013126,0.2695389683598804,1.0,0.0
0.14049945605013126,0.2729039668498347,1.0,0.0
0.14386445454008556,0.09792404537220983,1.0,0.0
0.14386445454008556,0.10128904386216417,1.0,0.0
0.14386445454008556,0.10465404235211849,1.0,0.0
0.14386445454008556,0.11811403631193579,1.0,0.0
0.14386445454008556,0.12147903480189011,1.0,0.0
0.14386445454008556,0.12484403329184443,1.0,0.0
0.14386445454008556,0.12820903178179877,1.0,0.0
0.14386445454008556,0.13157403027175307,1.0,0.0
0.14386445454008556,0.1349390287617074,1.0,0.0
0.14386445454008556,0.13830402725166174,1.0,0.0
0.14386445454008556,0.14166902574161605,1.0,0.0
0.14386445454008556,0.14503402423157039,1.0,0.0
0.14386445454008556,0.14839902272152472,1.0,0.0
0.14386445454008556,0.15176402121147903,1.0,0.0
0.14386445454008556,0.15512901970143336,1.0,0.0
0.14386445454008556,0.1584940181913877,1.0,0.0
0.14386445454008556,0.161859016681342,1.0,0.0
0.14386445454008556,0.16522401517129634,1.0,0.0
0.14386445454008556,0.16858901366125065,1.0,0.0
0.14386445454008556,0.17195401215120498,1.0,0.0
0.14386445454008556,0.17531901064115932,1.0,0.0
0.14386445454008556,0.17868400913111362,1.0,0.0
0.14386445454008556,0.18204900762106796,1.0,0.0
0.14386445454008556,0.18541400611102227,1.0,0.0
0.14386445454008556,0.1887790046009766,1.0,0.0
0.14386445454008556,0.19214400309093094,1.0,0.0
0.14386445454008556,0.19550900158088524,1.0,0.0
0.14386445454008556,0.19887400007083958,1.0,0.0
0.14386445454008556,0.20223899856079391,1.0,0.0
0.14386445454008556,0.20560399705074822,1.0,0.0
0.14386445454008556,0.20896899554070256,1.0,0.0
0.14386445454008556,0.2123339940306569,1.0,0.0
0.14386445454008556,0.2156989925206112,1.0,0.0
0.14386445454008556,0.21906399101056553,1.0,0.0
0.14386445454008556,0.22242898950051984,1.0,0.0
0.14386445454008556,0.22579398799047418,1.0,0.0
0.14386445454008556,0.2291589864804285,1.0,0.0
0.14386445454008556,0.23252398497038282,1.0,0.0
0.14386445454008556,0.23588898346033715,1.0,0.0
0.14386445454008556,0.23925398195029146,1.0,0.0
0.14386445454008556,0.2426189804402458,1.0,0.0
0.14386445454008556,0.24598397893020013,1.0,0.0
0.14386445454008556,0.24934897742015444,1.0,0.0
0.14386445454008556,0.2527139759101088,1.0,0.0
0.14386445454008556,0.2560789744000631,1.0,0.0
0.14386445454008556,0.2594439728900174,1.0,0.0
0.14386445454008556,0.2628089713799717,1.0,0.0
0.14386445454008556,0.2661739698699261,1.0,0.0
0.14386445454008556,0.2695389683598804,1.0,0.0
0.14386445454008556,0.2729039668498347,1.0,0.0
0.14386445454008556,0.27626896533978906,1.0,0.0
0.1472294530300399,0.10128904386216417,1.0,0.0
0.1472294530300399,0.12147903480189011,1.0,0.0
0.1472294530300399,0.12484403329184443,1.0,0.0
0.1472294530300399,0.12820903178179877,1.0,0.0
0.1472294530300399,0.13157403027175307,1.0,0.0
0.1472294530300399,0.1349390287617074,1.0,0.0
0.1472294530300399,0.13830402725166174,1.0,0.0
0.1472294530300399,0.14166902574161605,1.0,0.0
0.1472294530300399,0.14503402423157039,1.0,0.0
0.1472294530300399,0.14839902272152472,1.0,0.0
0.1472294530300399,0.15176402121147903,1.0,0.0
0.1472294530300399,0.15512901970143336,1.0,0.0
0.1472294530300399,0.1584940181913877,1.0,0.0
0.1472294530300399,0.161859016681342,1.0,0.0
0.1472294530300399,0.16522401517129634,1.0,0.0
0.1472294530300399,0.16858901366125065,1.0,0.0
0.1472294530300399,0.17195401215120498,1.0,0.0
0.1472294530300399,0.17531901064115932,1.0,0.0
0.1472294530300399,0.17868400913111362,1.0,0.0
0.1472294530300399,0.18204900762106796,1.0,0.0
0.1472294530300399,0.18541400611102227,1.0,0.0
0.1472294530300399,0.1887790046009766,1.0,0.0
0.1472294530300399,0.19214400309093094,1.0,0.0
0.1472294530300399,0.19550900158088524,1.0,0.0
0.1472294530300399,0.19887400007083958,1.0,0.0
0.1472294530300399,0.20223899856079391,1.0,0.0
0.1472294530300399,0.20560399705074822,1.0,0.0
0.1472294530300399,0.20896899554070256,1.0,0.0
0.1472294530300399,0.2123339940306569,1.0,0.0
0.1472294530300399,0.2156989925206112,1.0,0.0
0.1472294530300399,0.21906399101056553,1.0,0.0
0.1472294530300399,0.22242898950051984,1.0,0.0
0.1472294530300399,0.22579398799047418,1.0,0.0
0.1472294530300399,0.2291589864804285,1.0,0.0
0.1472294530300399,0.23252398497038282,1.0,0.0
0.1472294530300399,0.23588898346033715,1.0,0.0
0.1472294530300399,0.23925398195029146,1.0,0.0
0.1472294530300399,0.2426189804402458,1.0,0.0
0.1472294530300399,0.24598397893020013,1.0,0.0
0.1472294530300399,0.24934897742015444,1.0,0.0
0.1472294530300399,0.2527139759101088,1.0,0.0
0.1472294530300399,0.2560789744000631,1.0,0.0
0.1472294530300399,0.2594439728900174,1.0,0.0
0.1472294530300399,0.2628089713799717,1.0,0.0
0.1472294530300399,0.2661739698699261,1.0,0.0
0.1472294530300399,0.2695389683598804,1.0,0.0
0.15059445151999423,0.09455904688225551,1.0,0.0
0.15059445151999423,0.09792404537220983,1.0,0.0
0.15059445151999423,0.10128904386216417,1.0,0.0
0.15059445151999423,0.12820903178179877,1.0,0.0
0.15059445151999423,0.13157403027175307,1.0,0.0
0.15059445151999423,0.1349390287617074,1.0,0.0
0.15059445151999423,0.13830402725166174,1.0,0.0
0.15059445151999423,0.14166902574161605,1.0,0.0
0.15059445151999423,0.14503402423157039,1.0,0.0
0.15059445151999423,0.14839902272152472,1.0,0.0
0.15059445151999423,0.15176402121147903,1.0,0.0
0.15059445151999423,0.15512901970143336,1.0,0.0
0.15059445151999423,0.1584940181913877,1.0,0.0
0.15059445151999423,0.161859016681342,1.0,0.0
0.15059445151999423,0.16522401517129634,1.0,0.0
0.15059445151999423,0.16858901366125065,1.0,0.0
0.15059445151999423,0.17195401215120498,1.0,0.0
0.15059445151999423,0.17531901064115932,1.0,0.0
0.15059445151999423,0.17868400913111362,1.0,0.0
0.15059445151999423,0.18204900762106796,1.0,0.0
0.15059445151999423,0.18541400611102227,1.0,0.0
0.15059445151999423,0.1887790046009766,1.0,0.0
0.15059445151999423,0.19214400309093094,1.0,0.0
0.15059445151999423,0.19550900158088524,1.0,0.0
0.15059445151999423,0.19887400007083958,1.0,0.0
0.15059445151999423,0.20223899856079391,1.0,0.0
0.15059445151999423,0.20560399705074822,1.0,0.0
0.15059445151999423,0.20896899554070256,1.0,0.0
0.15059445151999423,0.2123339940306569,1.0,0.0
0.15059445151999423,0.2156989925206112,1.0,0.0
0.15059445151999423,0.21906399101056553,1.0,0.0
0.15059445151999423,0.22242898950051984,1.0,0.0
0.15059445151999423,0.22579398799047418,1.0,0.0
0.15059445151999423,0.2291589864804285,1.0,0.0
0.15059445151999423,0.23252398497038282,1.0,0.0
0.15059445151999423,0.23588898346033715,1.0,0.0
0.15059445151999423,0.23925398195029146,1.0,0.0
0.15059445151999423,0.2426189804402458,1.0,0.0
0.15059445151999423,0.24598397893020013,1.0,0.0
0.15059445151999423,0.24934897742015444,1.0,0.0
0.15059445151999423,0.2527139759101088,1.0,0.0
0.15059445151999423,0.2560789744000631,1.0,0.0
0.15059445151999423,0.2594439728900174,1.0,0.0
0.15059445151999423,0.2628089713799717,1.0,0.0
0.15059445151999423,0.2661739698699261,1.0,0.0
0.15059445151999423,0.2695389683598804,1.0,0.0
0.15059445151999423,0.2729039668498347,1.0,0.0
0.15395945000994854,0.09119404839230119,1.0,0.0
0.15395945000994854,0.09455904688225551,1.0,0.0
0.15395945000994854,0.09792404537220983,1.0,0.0
0.15395945000994854,0.10128904386216417,1.0,0.0
0.15395945000994854,0.11811403631193579,1.0,0.0
0.15395945000994854,0.12820903178179877,1.0,0.0
0.15395945000994854,0.13157403027175307,1.0,0.0
0.15395945000994854,0.1349390287617074,1.0,0.0
0.15395945000994854,0.13830402725166174,1.0,0.0
0.15395945000994854,0.14166902574161605,1.0,0.0
0.15395945000994854,0.14503402423157039,1.0,0.0
0.15395945000994854,0.14839902272152472,1.0,0.0
0.15395945000994854,0.15176402121147903,1.0,0.0
0.15395945000994854,0.15512901970143336,1.0,0.0
0.15395945000994854,0.1584940181913877,1.0,0.0
0.15395945000994854,0.161859016681342,1.0,0.0
0.15395945000994854,0.16522401517129634,1.0,0.0
0.15395945000994854,0.16858901366125065,1.0,0.0
0.15395945000994854,0.17195401215120498,1.0,0.0
0.15395945000994854,0.17531901064115932,1.0,0.0
0.15395945000994854,0.17868400913111362,1.0,0.0
0.15395945000994854,0.18204900762106796,1.0,0.0
0.15395945000994854,0.18541400611102227,1.0,0.0
0.15395945000994854,0.1887790046009766,1.0,0.0
0.15395945000994854,0.19214400309093094,1.0,0.0
0.15395945000994854,0.19550900158088524,1.0,0.0
0.15395945000994854,0.19887400007083958,1.0,0.0
0.15395945000994854,0.20223899856079391,1.0,0.0
0.15395945000994854,0.20560399705074822,1.0,0.0
0.15395945000994854,0.20896899554070256,1.0,0.0
0.15395945000994854,0.2123339940306569,1.0,0.0
0.15395945000994854,0.2156989925206112,1.0,0.0
0.15395945000994854,0.21906399101056553,1.0,0.0
0.15395945000994854,0.22242898950051984,1.0,0.0
0.15395945000994854,0.22579398799047418,1.0,0.0
0.15395945000994854,0.2291589864804285,1.0,0.0
0.15395945000994854,0.23252398497038282,1.0,0.0
0.15395945000994854,0.23588898346033715,1.0,0.0
0.15395945000994854,0.23925398195029146,1.0,0.0
0.15395945000994854,0.2426189804402458,1.0,0.0
0.15395945000994854,0.24598397893020013,1.0,0.0
0.15395945000994854,0.24934897742015444,1.0,0.0
0.15395945000994854,0.2527139759101088,1.0,0.0
0.15395945000994854,0.2661739698699261,1.0,0.0
0.15395945000994854,0.2695389683598804,1.0,0.0
0.15395945000994854,0.2729039668498347,1.0,0.0
0.15395945000994854,0.27626896533978906,1.0,0.0
0.15732444849990287,0.08782904990234687,1.0,0.0
0.15732444849990287,0.09119404839230119,1.0,0.0
0.15732444849990287,0.09455904688225551,1.0,0.0
0.15732444849990287,0.09792404537220983,1.0,0.0
0.15732444849990287,0.10128904386216417,1.0,0.0
0.15732444849990287,0.11474903782198147,1.0,0.0
0.15732444849990287,0.11811403631193579,1.0,0.0
0.15732444849990287,0.12147903480189011,1.0,0.0
0.15732444849990287,0.12484403329184443,1.0,0.0
0.15732444849990287,0.12820903178179877,1.0,0.0
0.15732444849990287,0.13157403027175307,1.0,0.0
0.15732444849990287,0.1349390287617074,1.0,0.0
0.15732444849990287,0.13830402725166174,1.0,0.0
0.15732444849990287,0.14166902574161605,1.0,0.0
0.15732444849990287,0.14503402423157039,1.0,0.0
0.15732444849990287,0.14839902272152472,1.0,0.0
0.15732444849990287,0.15176402121147903,1.0,0.0
0.15732444849990287,0.15512901970143336,1.0,0.0
0.15732444849990287,0.1584940181913877,1.0,0.0
0.15732444849990287,0.161859016681342,1.0,0.0
0.15732444849990287,0.16522401517129634,1.0,0.0
0.15732444849990287,0.16858901366125065,1.0,0.0
0.15732444849990287,0.17195401215120498,1.0,0.0
0.15732444849990287,0.17531901064115932,1.0,0.0
0.15732444849990287,0.17868400913111362,1.0,0.0
0.15732444849990287,0.18204900762106796,1.0,0.0
0.15732444849990287,0.18541400611102227,1.0,0.0
0.15732444849990287,0.1887790046009766,1.0,0.0
0.15732444849990287,0.19214400309093094,1.0,0.0
0.15732444849990287,0.19550900158088524,1.0,0.0
0.15732444849990287,0.19887400007083958,1.0,0.0
0.15732444849990287,0.20223899856079391,1.0,0.0
0.15732444849990287,0.20560399705074822,1.0,0.0
0.15732444849990287,0.20896899554070256,1.0,0.0
0.15732444849990287,0.2123339940306569,1.0,0.0
0.15732444849990287,0.2156989925206112,1.0,0.0
0.15732444849990287,0.21906399101056553,1.0,0.0
0.15732444849990287,0.22242898950051984,1.0,0.0
0.15732444849990287,0.22579398799047418,1.0,0.0
0.15732444849990287,0.2291589864804285,1.0,0.0
0.15732444849990287,0.23252398497038282,1.0,0.0
0.15732444849990287,0.23588898346033715,1.0,0.0
0.15732444849990287,0.23925398195029146,1.0,0.0
0.15732444849990287,0.2426189804402458,1.0,0.0
0.15732444849990287,0.24598397893020013,1.0,0.0
0.15732444849990287,0.24934897742015444,1.0,0.0
0.15732444849990287,0.2527139759101088,1.0,0.0
0.15732444849990287,0.2560789744000631,1.0,0.0
0.15732444849990287,0.2729039668498347,1.0,0.0
0.15732444849990287,0.27626896533978906,1.0,0.0
0.1606894469898572,0.08782904990234687,1.0,0.0
0.1606894469898572,0.09119404839230119,1.0,0.0
0.1606894469898572,0.09455904688225551,1.0,0.0
0.1606894469898572,0.09792404537220983,1.0,0.0
0.1606894469898572,0.10128904386216417,1.0,0.0
0.1606894469898572,0.11138403933202715,1.0,0.0
0.1606894469898572,0.11474903782198147,1.0,0.0
0.1606894469898572,0.11811403631193579,1.0,0.0
0.1606894469898572,0.12147903480189011,1.0,0.0
0.1606894469898572,0.12484403329184443,1.0,0.0
0.1606894469898572,0.12820903178179877,1.0,0.0
0.1606894469898572,0.13157403027175307,1.0,0.0
0.1606894469898572,0.1349390287617074,1.0,0.0
0.1606894469898572,0.14166902574161605,1.0,0.0
0.1606894469898572,0.14503402423157039,1.0,0.0
0.1606894469898572,0.14839902272152472,1.0,0.0
0.1606894469898572,0.15176402121147903,1.0,0.0
0.1606894469898572,0.15512901970143336,1.0,0.0
0.1606894469898572,0.1584940181913877,1.0,0.0
0.1606894469898572,0.161859016681342,1.0,0.0
0.1606894469898572,0.16522401517129634,1.0,0.0
0.1606894469898572,0.16858901366125065,1.0,0.0
0.1606894469898572,0.17195401215120498,1.0,0.0
0.1606894469898572,0.17531901064115932,1.0,0.0
0.1606894469898572,0.17868400913111362,1.0,0.0
0.1606894469898572,0.18204900762106796,1.0,0.0
0.1606894469898572,0.18541400611102227,1.0,0.0
0.1606894469898572,0.1887790046009766,1.0,0.0
0.1606894469898572,0.19214400309093094,1.0,0.0
0.1606894469898572,0.19550900158088524,1.0,0.0
0.1606894469898572,0.19887400007083958,1.0,0.0
0.1606894469898572,0.20223899856079391,1.0,0.0
0.1606894469898572,0.20560399705074822,1.0,0.0
0.1606894469898572,0.20896899554070256,1.0,0.0
0.1606894469898572,0.2123339940306569,1.0,0.0
0.1606894469898572,0.2156989925206112,1.0,0.0
0.1606894469898572,0.21906399101056553,1.0,0.0
0.1606894469898572,0.22242898950051984,1.0,0.0
0.1606894469898572,0.22579398799047418,1.0,0.0
0.1606894469898572,0.2291589864804285,1.0,0.0
0.1606894469898572,0.23252398497038282,1.0,0.0
0.1606894469898572,0.23588898346033715,1.0,0.0
0.1606894469898572,0.23925398195029146,1.0,0.0
0.1606894469898572,0.2426189804402458,1.0,0.0
0.1606894469898572,0.24598397893020013,1.0,0.0
0.1606894469898572,0.24934897742015444,1.0,0.0
0.16405444547981154,0.08782904990234687,1.0,0.0
0.16405444547981154,0.09119404839230119,1.0,0.0
0.16405444547981154,0.09455904688225551,1.0,0.0
0.16405444547981154,0.09792404537220983,1.0,0.0
0.16405444547981154,0.10128904386216417,1.0,0.0
0.16405444547981154,0.11138403933202715,1.0,0.0
0.16405444547981154,0.11474903782198147,1.0,0.0
0.16405444547981154,0.11811403631193579,1.0,0.0
0.16405444547981154,0.12147903480189011,1.0,0.0
0.16405444547981154,0.12484403329184443,1.0,0.0
0.16405444547981154,0.12820903178179877,1.0,0.0
0.16405444547981154,0.13157403027175307,1.0,0.0
0.16405444547981154,0.1349390287617074,1.0,0.0
0.16405444547981154,0.13830402725166174,1.0,0.0
0.16405444547981154,0.14503402423157039,1.0,0.0
0.16405444547981154,0.14839902272152472,1.0,0.0
0.16405444547981154,0.15176402121147903,1.0,0.0
0.16405444547981154,0.15512901970143336,1.0,0.0
0.16405444547981154,0.1584940181913877,1.0,0.0
0.16405444547981154,0.161859016681342,1.0,0.0
0.16405444547981154,0.16522401517129634,1.0,0.0
0.16405444547981154,0.16858901366125065,1.0,0.0
0.16405444547981154,0.17195401215120498,1.0,0.0
0.16405444547981154,0.17531901064115932,1.0,0.0
0.16405444547981154,0.17868400913111362,1.0,0.0
0.16405444547981154,0.18204900762106796,1.0,0.0
0.16405444547981154,0.18541400611102227,1.0,0.0
0.16405444547981154,0.1887790046009766,1.0,0.0
0.16405444547981154,0.19214400309093094,1.0,0.0
0.16405444547981154,0.19550900158088524,1.0,0.0
0.16405444547981154,0.19887400007083958,1.0,0.0
0.16405444547981154,0.20223899856079391,1.0,0.0
0.16405444547981154,0.20560399705074822,1.0,0.0
0.16405444547981154,0.20896899554070256,1.0,0.0
0.16405444547981154,0.2123339940306569,1.0,0.0
0.16405444547981154,0.2156989925206112,1.0,0.0
0.16405444547981154,0.21906399101056553,1.0,0.0
0.16405444547981154,0.22242898950051984,1.0,0.0
0.16405444547981154,0.22579398799047418,1.0,0.0
0.16405444547981154,0.2291589864804285,1.0,0.0
0.16405444547981154,0.23252398497038282,1.0,0.0
0.16405444547981154,0.23588898346033715,1.0,0.0
0.16405444547981154,0.23925398195029146,1.0,0.0
0.16405444547981154,0.2426189804402458,1.0,0.0
0.16741944396976588,0.08782904990234687,1.0,0.0
0.16741944396976588,0.09119404839230119,1.0,0.0
0.16741944396976588,0.09455904688225551,1.0,0.0
0.16741944396976588,0.09792404537220983,1.0,0.0
0.16741944396976588,0.11138403933202715,1.0,0.0
0.16741944396976588,0.11474903782198147,1.0,0.0
0.16741944396976588,0.11811403631193579,1.0,0.0
0.16741944396976588,0.12147903480189011,1.0,0.0
0.16741944396976588,0.12484403329184443,1.0,0.0
0.16741944396976588,0.12820903178179877,1.0,0.0
0.16741944396976588,0.13157403027175307,1.0,0.0
0.16741944396976588,0.1349390287617074,1.0,0.0
0.16741944396976588,0.13830402725166174,1.0,0.0
0.16741944396976588,0.14166902574161605,1.0,0.0
0.16741944396976588,0.15176402121147903,1.0,0.0
0.16741944396976588,0.15512901970143336,1.0,0.0
0.16741944396976588,0.1584940181913877,1.0,0.0
0.16741944396976588,0.161859016681342,1.0,0.0
0.16741944396976588,0.16522401517129634,1.0,0.0
0.16741944396976588,0.16858901366125065,1.0,0.0
0.16741944396976588,0.17195401215120498,1.0,0.0
0.16741944396976588,0.17531901064115932,1.0,0.0
0.16741944396976588,0.17868400913111362,1.0,0.0
0.16741944396976588,0.18204900762106796,1.0,0.0
0.16741944396976588,0.18541400611102227,1.0,0.0
0.16741944396976588,0.1887790046009766,1.0,0.0
0.16741944396976588,0.19214400309093094,1.0,0.0
0.16741944396976588,0.19550900158088524,1.0,0.0
0.16741944396976588,0.19887400007083958,1.0,0.0
0.16741944396976588,0.20223899856079391,1.0,0.0
0.16741944396976588,0.20560399705074822,1.0,0.0
0.16741944396976588,0.20896899554070256,1.0,0.0
0.16741944396976588,0.2123339940306569,1.0,0.0
0.16741944396976588,0.2156989925206112,1.0,0.0
0.16741944396976588,0.21906399101056553,1.0,0.0
0.16741944396976588,0.22242898950051984,1.0,0.0
0.16741944396976588,0.22579398799047418,1.0,0.0
0.16741944396976588,0.2291589864804285,1.0,0.0
0.16741944396976588,0.23252398497038282,1.0,0.0
0.16741944396976588,0.23588898346033715,1.0,0.0
0.16741944396976588,0.23925398195029146,1.0,0.0
0.1707844424597202,0.08446405141239255,1.0,0.0
0.1707844424597202,0.08782904990234687,1.0,0.0
0.1707844424597202,0.09119404839230119,1.0,0.0
0.1707844424597202,0.09455904688225551,1.0,0.0
0.1707844424597202,0.09792404537220983,1.0,0.0
0.1707844424597202,0.10128904386216417,1.0,0.0
0.1707844424597202,0.10465404235211849,1.0,0.0
0.1707844424597202,0.10801904084207281,1.0,0.0
0.1707844424597202,0.11138403933202715,1.0,0.0
0.1707844424597202,0.11474903782198147,1.0,0.0
0.1707844424597202,0.11811403631193579,1.0,0.0
0.1707844424597202,0.12147903480189011,1.0,0.0
0.1707844424597202,0.12484403329184443,1.0,0.0
0.1707844424597202,0.12820903178179877,1.0,0.0
0.1707844424597202,0.13157403027175307,1.0,0.0
0.1707844424597202,0.1349390287617074,1.0,0.0
0.1707844424597202,0.13830402725166174,1.0,0.0
0.1707844424597202,0.14166902574161605,1.0,0.0
0.1707844424597202,0.14503402423157039,1.0,0.0
0.1707844424597202,0.14839902272152472,1.0,0.0
0.1707844424597202,0.15176402121147903,1.0,0.0
0.1707844424597202,0.1584940181913877,1.0,0.0
0.1707844424597202,0.161859016681342,1.0,0.0
0.1707844424597202,0.16522401517129634,1.0,0.0
0.1707844424597202,0.16858901366125065,1.0,0.0
0.1707844424597202,0.17195401215120498,1.0,0.0
0.1707844424597202,0.17531901064115932,1.0,0.0
0.1707844424597202,0.17868400913111362,1.0,0.0
0.1707844424597202,0.18204900762106796,1.0,0.0
0.1707844424597202,0.18541400611102227,1.0,0.0
0.1707844424597202,0.1887790046009766,1.0,0.0
0.1707844424597202,0.19214400309093094,1.0,0.0
0.1707844424597202,0.19550900158088524,1.0,0.0
0.1707844424597202,0.19887400007083958,1.0,0.0
0.1707844424597202,0.20223899856079391,1.0,0.0
0.1707844424597202,0.20560399705074822,1.0,0.0
0.1707844424597202,0.20896899554070256,1.0,0.0
0.1707844424597202,0.2123339940306569,1.0,0.0
0.1707844424597202,0.2156989925206112,1.0,0.0
0.1707844424597202,0.21906399101056553,1.0,0.0
0.1707844424597202,0.22242898950051984,1.0,0.0
0.1707844424597202,0.22579398799047418,1.0,0.0
0.1707844424597202,0.2291589864804285,1.0,0.0
0.1707844424597202,0.23252398497038282,1.0,0.0
0.17414944094967452,0.07773405443248389,1.0,0.0
0.17414944094967452,0.08109905292243821,1.0,0.0
0.17414944094967452,0.08446405141239255,1.0,0.0
0.17414944094967452,0.08782904990234687,1.0,0.0
0.17414944094967452,0.09119404839230119,1.0,0.0
0.17414944094967452,0.09455904688225551,1.0,0.0
0.17414944094967452,0.09792404537220983,1.0,0.0
0.17414944094967452,0.10128904386216417,1.0,0.0
0.17414944094967452,0.10465404235211849,1.0,0.0
0.17414944094967452,0.10801904084207281,1.0,0.0
0.17414944094967452,0.11138403933202715,1.0,0.0
0.17414944094967452,0.11474903782198147,1.0,0.0
0.17414944094967452,0.11811403631193579,1.0,0.0
0.17414944094967452,0.12147903480189011,1.0,0.0
0.17414944094967452,0.12484403329184443,1.0,0.0
0.17414944094967452,0.12820903178179877,1.0,0.0
0.17414944094967452,0.13157403027175307,1.0,0.0
0.17414944094967452,0.1349390287617074,1.0,0.0
0.17414944094967452,0.13830402725166174,1.0,0.0
0.17414944094967452,0.14166902574161605,1.0,0.0
0.17414944094967452,0.14503402423157039,1.0,0.0
0.17414944094967452,0.14839902272152472,1.0,0.0
0.17414944094967452,0.15176402121147903,1.0,0.0
0.17414944094967452,0.15512901970143336,1.0,0.0
0.17414944094967452,0.1584940181913877,1.0,0.0
0.17414944094967452,0.161859016681342,1.0,0.0
0.17414944094967452,0.16522401517129634,1.0,0.0
0.17414944094967452,0.16858901366125065,1.0,0.0
0.17414944094967452,0.17195401215120498,1.0,0.0
0.17414944094967452,0.17531901064115932,1.0,0.0
0.17414944094967452,0.17868400913111362,1.0,0.0
0.17414944094967452,0.18204900762106796,1.0,0.0
0.17414944094967452,0.18541400611102227,1.0,0.0
0.17414944094967452,0.1887790046009766,1.0,0.0
0.17414944094967452,0.19214400309093094,1.0,0.0
0.17414944094967452,0.19550900158088524,1.0,0.0
0.17414944094967452,0.19887400007083958,1.0,0.0
0.17414944094967452,0.20223899856079391,1.0,0.0
0.17414944094967452,0.20560399705074822,1.0,0.0
0.17414944094967452,0.20896899554070256,1.0,0.0
0.17414944094967452,0.2123339940306569,1.0,0.0
0.17414944094967452,0.2156989925206112,1.0,0.0
0.17414944094967452,0.21906399101056553,1.0,0.0
0.17414944094967452,0.22242898950051984,1.0,0.0
0.17414944094967452,0.22579398799047418,1.0,0.0
0.17414944094967452,0.2291589864804285,1.0,0.0
0.17751443943962886,0.07436905594252957,1.0,0.0
0.17751443943962886,0.07773405443248389,1.0,0.0
0.17751443943962886,0.08109905292243821,1.0,0.0
0.17751443943962886,0.08446405141239255,1.0,0.0
0.17751443943962886,0.08782904990234687,1.0,0.0
0.17751443943962886,0.09119404839230119,1.0,0.0
0.17751443943962886,0.09455904688225551,1.0,0.0
0.17751443943962886,0.09792404537220983,1.0,0.0
0.17751443943962886,0.10128904386216417,1.0,0.0
0.17751443943962886,0.10465404235211849,1.0,0.0
0.17751443943962886,0.10801904084207281,1.0,0.0
0.17751443943962886,0.11138403933202715,1.0,0.0
0.17751443943962886,0.11474903782198147,1.0,0.0
0.17751443943962886,0.11811403631193579,1.0,0.0
0.17751443943962886,0.12820903178179877,1.0,0.0
0.17751443943962886,0.13157403027175307,1.0,0.0
0.17751443943962886,0.1349390287617074,1.0,0.0
0.17751443943962886,0.13830402725166174,1.0,0.0
0.17751443943962886,0.14166902574161605,1.0,0.0
0.17751443943962886,0.14503402423157039,1.0,0.0
0.17751443943962886,0.14839902272152472,1.0,0.0
0.17751443943962886,0.15176402121147903,1.0,0.0
0.17751443943962886,0.15512901970143336,1.0,0.0
0.17751443943962886,0.1584940181913877,1.0,0.0
0.17751443943962886,0.161859016681342,1.0,0.0
0.17751443943962886,0.16522401517129634,1.0,0.0
0.17751443943962886,0.16858901366125065,1.0,0.0
0.17751443943962886,0.17195401215120498,1.0,0.0
0.17751443943962886,0.17531901064115932,1.0,0.0
0.17751443943962886,0.17868400913111362,1.0,0.0
0.17751443943962886,0.18204900762106796,1.0,0.0
0.17751443943962886,0.18541400611102227,1.0,0.0
0.17751443943962886,0.1887790046009766,1.0,0.0
0.17751443943962886,0.19214400309093094,1.0,0.0
0.17751443943962886,0.19550900158088524,1.0,0.0
0.17751443943962886,0.19887400007083958,1.0,0.0
0.17751443943962886,0.20223899856079391,1.0,0.0
0.17751443943962886,0.20560399705074822,1.0,0.0
0.17751443943962886,0.20896899554070256,1.0,0.0
0.17751443943962886,0.2123339940306569,1.0,0.0
0.17751443943962886,0.2156989925206112,1.0,0.0
0.17751443943962886,0.21906399101056553,1.0,0.0
0.17751443943962886,0.22242898950051984,1.0,0.0
0.17751443943962886,0.22579398799047418,1.0,0.0
0.18087943792958316,0.06763905896262092,1.0,0.0
0.18087943792958316,0.07100405745257524,1.0,0.0
0.18087943792958316,0.07436905594252957,1.0,0.0
0.18087943792958316,0.07773405443248389,1.0,0.0
0.18087943792958316,0.08109905292243821,1.0,0.0
0.18087943792958316,0.08446405141239255,1.0,0.0
0.18087943792958316,0.08782904990234687,1.0,0.0
0.18087943792958316,0.09119404839230119,1.0,0.0
0.18087943792958316,0.09455904688225551,1.0,0.0
0.18087943792958316,0.09792404537220983,1.0,0.0
0.18087943792958316,0.10128904386216417,1.0,0.0
0.18087943792958316,0.10465404235211849,1.0,0.0
0.18087943792958316,0.10801904084207281,1.0,0.0
0.18087943792958316,0.11138403933202715,1.0,0.0
0.18087943792958316,0.11474903782198147,1.0,0.0
0.18087943792958316,0.12484403329184443,1.0,0.0
0.18087943792958316,0.12820903178179877,1.0,0.0
0.18087943792958316,0.13157403027175307,1.0,0.0
0.18087943792958316,0.1349390287617074,1.0,0.0
0.18087943792958316,0.13830402725166174,1.0,0.0
0.18087943792958316,0.14166902574161605,1.0,0.0
0.18087943792958316,0.14503402423157039,1.0,0.0
0.18087943792958316,0.14839902272152472,1.0,0.0
0.18087943792958316,0.15176402121147903,1.0,0.0
0.18087943792958316,0.15512901970143336,1.0,0.0
0.18087943792958316,0.1584940181913877,1.0,0.0
0.18087943792958316,0.161859016681342,1.0,0.0
0.18087943792958316,0.16522401517129634,1.0,0.0
0.18087943792958316,0.16858901366125065,1.0,0.0
0.18087943792958316,0.17195401215120498,1.0,0.0
0.18087943792958316,0.17531901064115932,1.0,0.0
0.18087943792958316,0.17868400913111362,1.0,0.0
0.18087943792958316,0.18204900762106796,1.0,0.0
0.18087943792958316,0.18541400611102227,1.0,0.0
0.18087943792958316,0.1887790046009766,1.0,0.0
0.18087943792958316,0.19214400309093094,1.0,0.0
0.18087943792958316,0.19550900158088524,1.0,0.0
0.18087943792958316,0.19887400007083958,1.0,0.0
0.18087943792958316,0.20223899856079391,1.0,0.0
0.18087943792958316,0.20560399705074822,1.0,0.0
0.18087943792958316,0.20896899554070256,1.0,0.0
0.18087943792958316,0.2123339940306569,1.0,0.0
0.18087943792958316,0.2156989925206112,1.0,0.0
0.18087943792958316,0.21906399101056553,1.0,0.0
0.18087943792958316,0.22242898950051984,1.0,0.0
0.18087943792958316,0.22579398799047418,1.0,0.0
0.1842444364195375,0.0642740604726666,1.0,0.0
0.1842444364195375,0.06763905896262092,1.0,0.0
0.1842444364195375,0.07100405745257524,1.0,0.0
0.1842444364195375,0.07436905594252957,1.0,0.0
0.1842444364195375,0.07773405443248389,1.0,0.0
0.1842444364195375,0.08109905292243821,1.0,0.0
0.1842444364195375,0.08446405141239255,1.0,0.0
0.1842444364195375,0.08782904990234687,1.0,0.0
0.1842444364195375,0.09119404839230119,1.0,0.0
0.1842444364195375,0.09455904688225551,1.0,0.0
0.1842444364195375,0.09792404537220983,1.0,0.0
0.1842444364195375,0.10128904386216417,1.0,0.0
0.1842444364195375,0.10465404235211849,1.0,0.0
0.1842444364195375,0.10801904084207281,1.0,0.0
0.1842444364195375,0.11138403933202715,1.0,0.0
0.1842444364195375,0.11474903782198147,1.0,0.0
0.1842444364195375,0.11811403631193579,1.0,0.0
0.1842444364195375,0.12484403329184443,1.0,0.0
0.1842444364195375,0.12820903178179877,1.0,0.0
0.1842444364195375,0.13157403027175307,1.0,0.0
0.1842444364195375,0.1349390287617074,1.0,0.0
0.1842444364195375,0.13830402725166174,1.0,0.0
0.1842444364195375,0.14166902574161605,1.0,0.0
0.1842444364195375,0.14503402423157039,1.0,0.0
0.1842444364195375,0.14839902272152472,1.0,0.0
0.1842444364195375,0.15176402121147903,1.0,0.0
0.1842444364195375,0.15512901970143336,1.0,0.0
0.1842444364195375,0.1584940181913877,1.0,0.0
0.1842444364195375,0.161859016681342,1.0,0.0
0.1842444364195375,0.16522401517129634,1.0,0.0
0.1842444364195375,0.16858901366125065,1.0,0.0
0.1842444364195375,0.17195401215120498,1.0,0.0
0.1842444364195375,0.17531901064115932,1.0,0.0
0.1842444364195375,0.17868400913111362,1.0,0.0
0.1842444364195375,0.18204900762106796,1.0,0.0
0.1842444364195375,0.18541400611102227,1.0,0.0
0.1842444364195375,0.1887790046009766,1.0,0.0
0.1842444364195375,0.19214400309093094,1.0,0.0
0.1842444364195375,0.19550900158088524,1.0,0.0
0.1842444364195375,0.19887400007083958,1.0,0.0
0.1842444364195375,0.20223899856079391,1.0,0.0
0.1842444364195375,0.20560399705074822,1.0,0.0
0.1842444364195375,0.20896899554070256,1.0,0.0
0.1842444364195375,0.2123339940306569,1.0,0.0
0.1842444364195375,0.2156989925206112,1.0,0.0
0.1842444364195375,0.21906399101056553,1.0,0.0
0.1842444364195375,0.22242898950051984,1.0,0.0
0.18760943490949183,0.06090906198271227,1.0,0.0
0.18760943490949183,0.0642740604726666,1.0,0.0
0.18760943490949183,0.06763905896262092,1.0,0.0
0.18760943490949183,0.07100405745257524,1.0,0.0
0.18760943490949183,0.07436905594252957,1.0,0.0
0.18760943490949183,0.07773405443248389,1.0,0.0
0.18760943490949183,0.08109905292243821,1.0,0.0
0.18760943490949183,0.08446405141239255,1.0,0.0
0.18760943490949183,0.08782904990234687,1.0,0.0
0.18760943490949183,0.09119404839230119,1.0,0.0
0.18760943490949183,0.09455904688225551,1.0,0.0
0.18760943490949183,0.09792404537220983,1.0,0.0
0.18760943490949183,0.10128904386216417,1.0,0.0
0.18760943490949183,0.10465404235211849,1.0,0.0
0.18760943490949183,0.10801904084207281,1.0,0.0
0.18760943490949183,0.11138403933202715,1.0,0.0
0.18760943490949183,0.11474903782198147,1.0,0.0
0.18760943490949183,0.11811403631193579,1.0,0.0
0.18760943490949183,0.12147903480189011,1.0,0.0
0.18760943490949183,0.12484403329184443,1.0,0.0
0.18760943490949183,0.12820903178179877,1.0,0.0
0.18760943490949183,0.13157403027175307,1.0,0.0
0.18760943490949183,0.1349390287617074,1.0,0.0
0.18760943490949183,0.13830402725166174,1.0,0.0
0.18760943490949183,0.14166902574161605,1.0,0.0
0.18760943490949183,0.14503402423157039,1.0,0.0
0.18760943490949183,0.14839902272152472,1.0,0.0
0.18760943490949183,0.15176402121147903,1.0,0.0
0.18760943490949183,0.15512901970143336,1.0,0.0
0.18760943490949183,0.1584940181913877,1.0,0.0
0.18760943490949183,0.161859016681342,1.0,0.0
0.18760943490949183,0.16522401517129634,1.0,0.0
0.18760943490949183,0.16858901366125065,1.0,0.0
0.18760943490949183,0.17195401215120498,1.0,0.0
0.18760943490949183,0.17531901064115932,1.0,0.0
0.18760943490949183,0.17868400913111362,1.0,0.0
0.18760943490949183,0.18204900762106796,1.0,0.0
0.18760943490949183,0.18541400611102227,1.0,0.0
0.18760943490949183,0.1887790046009766,1.0,0.0
0.18760943490949183,0.19214400309093094,1.0,0.0
0.18760943490949183,0.19550900158088524,1.0,0.0
0.18760943490949183,0.19887400007083958,1.0,0.0
0.18760943490949183,0.20223899856079391,1.0,0.0
0.18760943490949183,0.20560399705074822,1.0,0.0
0.18760943490949183,0.20896899554070256,1.0,0.0
0.18760943490949183,0.2123339940306569,1.0,0.0
0.18760943490949183,0.2156989925206112,1.0,0.0
0.18760943490949183,0.21906399101056553,1.0,0.0
0.18760943490949183,0.22242898950051984,1.0,0.0
0.19097443339944617,0.057544063492757945,1.0,0.0
0.19097443339944617,0.06090906198271227,1.0,0.0
0.19097443339944617,0.0642740604726666,1.0,0.0
0.19097443339944617,0.06763905896262092,1.0,0.0
0.19097443339944617,0.07100405745257524,1.0,0.0
0.19097443339944617,0.07436905594252957,1.0,0.0
0.19097443339944617,0.07773405443248389,1.0,0.0
0.19097443339944617,0.08109905292243821,1.0,0.0
0.19097443339944617,0.08446405141239255,1.0,0.0
0.19097443339944617,0.08782904990234687,1.0,0.0
0.19097443339944617,0.09119404839230119,1.0,0.0
0.19097443339944617,0.09455904688225551,1.0,0.0
0.19097443339944617,0.09792404537220983,1.0,0.0
0.19097443339944617,0.10128904386216417,1.0,0.0
0.19097443339944617,0.10465404235211849,1.0,0.0
0.19097443339944617,0.10801904084207281,1.0,0.0
0.19097443339944617,0.11138403933202715,1.0,0.0
0.19097443339944617,0.11474903782198147,1.0,0.0
0.19097443339944617,0.11811403631193579,1.0,0.0
0.19097443339944617,0.12147903480189011,1.0,0.0
0.19097443339944617,0.12484403329184443,1.0,0.0
0.19097443339944617,0.12820903178179877,1.0,0.0
0.19097443339944617,0.13157403027175307,1.0,0.0
0.19097443339944617,0.1349390287617074,1.0,0.0
0.19097443339944617,0.13830402725166174,1.0,0.0
0.19097443339944617,0.14166902574161605,1.0,0.0
0.19097443339944617,0.14503402423157039,1.0,0.0
0.19097443339944617,0.14839902272152472,1.0,0.0
0.19097443339944617,0.15176402121147903,1.0,0.0
0.19097443339944617,0.15512901970143336,1.0,0.0
0.19097443339944617,0.1584940181913877,1.0,0.0
0.19097443339944617,0.161859016681342,1.0,0.0
0.19097443339944617,0.16522401517129634,1.0,0.0
0.19097443339944617,0.16858901366125065,1.0,0.0
0.19097443339944617,0.17195401215120498,1.0,0.0
0.19097443339944617,0.17531901064115932,1.0,0.0
0.19097443339944617,0.17868400913111362,1.0,0.0
0.19097443339944617,0.18204900762106796,1.0,0.0
0.19097443339944617,0.18541400611102227,1.0,0.0
0.19097443339944617,0.1887790046009766,1.0,0.0
0.19097443339944617,0.19214400309093094,1.0,0.0
0.19097443339944617,0.19550900158088524,1.0,0.0
0.19097443339944617,0.19887400007083958,1.0,0.0
0.19097443339944617,0.20223899856079391,1.0,0.0
0.19097443339944617,0.20560399705074822,1.0,0.0
0.19097443339944617,0.20896899554070256,1.0,0.0
0.19097443339944617,0.2123339940306569,1.0,0.0
0.19097443339944617,0.2156989925206112,1.0,0.0
0.19097443339944617,0.21906399101056553,1.0,0.0
0.19097443339944617,0.22242898950051984,1.0,0.0
0.1943394318894005,0.057544063492757945,1.0,0.0
0.1943394318894005,0.06090906198271227,1.0,0.0
0.1943394318894005,0.0642740604726666,1.0,0.0
0.1943394318894005,0.06763905896262092,1.0,0.0
0.1943394318894005,0.07100405745257524,1.0,0.0
0.1943394318894005,0.07436905594252957,1.0,0.0
0.1943394318894005,0.07773405443248389,1.0,0.0
0.1943394318894005,0.08109905292243821,1.0,0.0
0.1943394318894005,0.08446405141239255,1.0,0.0
0.1943394318894005,0.08782904990234687,1.0,0.0
0.1943394318894005,0.09119404839230119,1.0,0.0
0.1943394318894005,0.09455904688225551,1.0,0.0
0.1943394318894005,0.09792404537220983,1.0,0.0
0.1943394318894005,0.10128904386216417,1.0,0.0
0.1943394318894005,0.10465404235211849,1.0,0.0
0.1943394318894005,0.10801904084207281,1.0,0.0
0.1943394318894005,0.11138403933202715,1.0,0.0
0.1943394318894005,0.11474903782198147,1.0,0.0
0.1943394318894005,0.11811403631193579,1.0,0.0
0.1943394318894005,0.12147903480189011,1.0,0.0
0.1943394318894005,0.12484403329184443,1.0,0.0
0.1943394318894005,0.12820903178179877,1.0,0.0
0.1943394318894005,0.13157403027175307,1.0,0.0
0.1943394318894005,0.1349390287617074,1.0,0.0
0.1943394318894005,0.13830402725166174,1.0,0.0
0.1943394318894005,0.14166902574161605,1.0,0.0
0.1943394318894005,0.14503402423157039,1.0,0.0
0.1943394318894005,0.14839902272152472,1.0,0.0
0.1943394318894005,0.15176402121147903,1.0,0.0
0.1943394318894005,0.15512901970143336,1.0,0.0
0.1943394318894005,0.1584940181913877,1.0,0.0
0.1943394318894005,0.161859016681342,1.0,0.0
0.1943394318894005,0.16522401517129634,1.0,0.0
0.1943394318894005,0.16858901366125065,1.0,0.0
0.1943394318894005,0.17195401215120498,1.0,0.0
0.1943394318894005,0.17531901064115932,1.0,0.0
0.1943394318894005,0.17868400913111362,1.0,0.0
0.1943394318894005,0.18204900762106796,1.0,0.0
0.1943394318894005,0.18541400611102227,1.0,0.0
0.1943394318894005,0.1887790046009766,1.0,0.0
0.1943394318894005,0.19214400309093094,1.0,0.0
0.1943394318894005,0.19550900158088524,1.0,0.0
0.1943394318894005,0.19887400007083958,1.0,0.0
0.1943394318894005,0.20223899856079391,1.0,0.0
0.1943394318894005,0.20560399705074822,1.0,0.0
0.1943394318894005,0.20896899554070256,1.0,0.0
0.1943394318894005,0.2123339940306569,1.0,0.0
0.1943394318894005,0.2156989925206112,1.0,0.0
0.1943394318894005,0.21906399101056553,1.0,0.0
0.1943394318894005,0.22242898950051984,1.0,0.0
0.1977044303793548,0.05417906500280362,1.0,0.0
0.1977044303793548,0.057544063492757945,1.0,0.0
0.1977044303793548,0.06090906198271227,1.0,0.0
0.1977044303793548,0.0642740604726666,1.0,0.0
0.1977044303793548,0.06763905896262092,1.0,0.0
0.1977044303793548,0.07100405745257524,1.0,0.0
0.1977044303793548,0.07436905594252957,1.0,0.0
0.1977044303793548,0.07773405443248389,1.0,0.0
0.1977044303793548,0.08109905292243821,1.0,0.0
0.1977044303793548,0.08446405141239255,1.0,0.0
0.1977044303793548,0.08782904990234687,1.0,0.0
0.1977044303793548,0.09119404839230119,1.0,0.0
0.1977044303793548,0.09455904688225551,1.0,0.0
0.1977044303793548,0.09792404537220983,1.0,0.0
0.1977044303793548,0.10128904386216417,1.0,0.0
0.1977044303793548,0.10465404235211849,1.0,0.0
0.1977044303793548,0.10801904084207281,1.0,0.0
0.1977044303793548,0.11138403933202715,1.0,0.0
0.1977044303793548,0.11474903782198147,1.0,0.0
0.1977044303793548,0.11811403631193579,1.0,0.0
0.1977044303793548,0.12147903480189011,1.0,0.0
0.1977044303793548,0.12484403329184443,1.0,0.0
0.1977044303793548,0.12820903178179877,1.0,0.0
0.1977044303793548,0.13157403027175307,1.0,0.0
0.1977044303793548,0.1349390287617074,1.0,0.0
0.1977044303793548,0.13830402725166174,1.0,0.0
0.1977044303793548,0.14166902574161605,1.0,0.0
0.1977044303793548,0.14503402423157039,1.0,0.0
0.1977044303793548,0.1584940181913877,1.0,0.0
0.1977044303793548,0.161859016681342,1.0,0.0
0.1977044303793548,0.16522401517129634,1.0,0.0
0.1977044303793548,0.16858901366125065,1.0,0.0
0.1977044303793548,0.17195401215120498,1.0,0.0
0.1977044303793548,0.17531901064115932,1.0,0.0
0.1977044303793548,0.17868400913111362,1.0,0.0
0.1977044303793548,0.18204900762106796,1.0,0.0
0.1977044303793548,0.18541400611102227,1.0,0.0
0.1977044303793548,0.1887790046009766,1.0,0.0
0.1977044303793548,0.19214400309093094,1.0,0.0
0.1977044303793548,0.19550900158088524,1.0,0.0
0.1977044303793548,0.19887400007083958,1.0,0.0
0.1977044303793548,0.20223899856079391,1.0,0.0
0.1977044303793548,0.20560399705074822,1.0,0.0
0.1977044303793548,0.20896899554070256,1.0,0.0
0.1977044303793548,0.2123339940306569,1.0,0.0
0.1977044303793548,0.2156989925206112,1.0,0.0
0.1977044303793548,0.21906399101056553,1.0,0.0
0.1977044303793548,0.22242898950051984,1.0,0.0
0.20106942886930915,0.05417906500280362,1.0,0.0
0.20106942886930915,0.057544063492757945,1.0,0.0
0.20106942886930915,0.06090906198271227,1.0,0.0
0.20106942886930915,0.0642740604726666,1.0,0.0
0.20106942886930915,0.06763905896262092,1.0,0.0
0.20106942886930915,0.07100405745257524,1.0,0.0
0.20106942886930915,0.07436905594252957,1.0,0.0
0.20106942886930915,0.07773405443248389,1.0,0.0
0.20106942886930915,0.08109905292243821,1.0,0.0
0.20106942886930915,0.08446405141239255,1.0,0.0
0.20106942886930915,0.08782904990234687,1.0,0.0
0.20106942886930915,0.09119404839230119,1.0,0.0
0.20106942886930915,0.09455904688225551,1.0,0.0
0.20106942886930915,0.09792404537220983,1.0,0.0
0.20106942886930915,0.10128904386216417,1.0,0.0
0.20106942886930915,0.10465404235211849,1.0,0.0
0.20106942886930915,0.10801904084207281,1.0,0.0
0.20106942886930915,0.11138403933202715,1.0,0.0
0.20106942886930915,0.11474903782198147,1.0,0.0
0.20106942886930915,0.11811403631193579,1.0,0.0
0.20106942886930915,0.12147903480189011,1.0,0.0
0.20106942886930915,0.12484403329184443,1.0,0.0
0.20106942886930915,0.12820903178179877,1.0,0.0
0.20106942886930915,0.13157403027175307,1.0,0.0
0.20106942886930915,0.1349390287617074,1.0,0.0
0.20106942886930915,0.13830402725166174,1.0,0.0
0.20106942886930915,0.14166902574161605,1.0,0.0
0.20106942886930915,0.14503402423157039,1.0,0.0
0.20106942886930915,0.14839902272152472,1.0,0.0
0.20106942886930915,0.16858901366125065,1.0,0.0
0.20106942886930915,0.17195401215120498,1.0,0.0
0.20106942886930915,0.17531901064115932,1.0,0.0
0.20106942886930915,0.17868400913111362,1.0,0.0
0.20106942886930915,0.18204900762106796,1.0,0.0
0.20106942886930915,0.18541400611102227,1.0,0.0
0.20106942886930915,0.1887790046009766,1.0,0.0
0.20106942886930915,0.19214400309093094,1.0,0.0
0.20106942886930915,0.19550900158088524,1.0,0.0
0.20106942886930915,0.19887400007083958,1.0,0.0
0.20106942886930915,0.20223899856079391,1.0,0.0
0.20106942886930915,0.20560399705074822,1.0,0.0
0.20106942886930915,0.20896899554070256,1.0,0.0
0.20106942886930915,0.2123339940306569,1.0,0.0
0.20106942886930915,0.2156989925206112,1.0,0.0
0.20106942886930915,0.21906399101056553,1.0,0.0
0.20106942886930915,0.22242898950051984,1.0,0.0
0.20443442735926348,0.05417906500280362,1.0,0.0
0.20443442735926348,0.057544063492757945,1.0,0.0
0.20443442735926348,0.06090906198271227,1.0,0.0
0.20443442735926348,0.0642740604726666,1.0,0.0
0.20443442735926348,0.06763905896262092,1.0,0.0
0.20443442735926348,0.07100405745257524,1.0,0.0
0.20443442735926348,0.07436905594252957,1.0,0.0
0.20443442735926348,0.07773405443248389,1.0,0.0
0.20443442735926348,0.08109905292243821,1.0,0.0
0.20443442735926348,0.08446405141239255,1.0,0.0
0.20443442735926348,0.08782904990234687,1.0,0.0
0.20443442735926348,0.09119404839230119,1.0,0.0
0.20443442735926348,0.09455904688225551,1.0,0.0
0.20443442735926348,0.09792404537220983,1.0,0.0
0.20443442735926348,0.10128904386216417,1.0,0.0
0.20443442735926348,0.10465404235211849,1.0,0.0
0.20443442735926348,0.10801904084207281,1.0,0.0
0.20443442735926348,0.11138403933202715,1.0,0.0
0.20443442735926348,0.11474903782198147,1.0,0.0
0.20443442735926348,0.11811403631193579,1.0,0.0
0.20443442735926348,0.12147903480189011,1.0,0.0
0.20443442735926348,0.12484403329184443,1.0,0.0
0.20443442735926348,0.12820903178179877,1.0,0.0
0.20443442735926348,0.13157403027175307,1.0,0.0
0.20443442735926348,0.1349390287617074,1.0,0.0
0.20443442735926348,0.13830402725166174,1.0,0.0
0.20443442735926348,0.14166902574161605,1.0,0.0
0.20443442735926348,0.14503402423157039,1.0,0.0
0.20443442735926348,0.14839902272152472,1.0,0.0
0.20443442735926348,0.16858901366125065,1.0,0.0
0.20443442735926348,0.17195401215120498,1.0,0.0
0.20443442735926348,0.17531901064115932,1.0,0.0
0.20443442735926348,0.17868400913111362,1.0,0.0
0.20443442735926348,0.18204900762106796,1.0,0.0
0.20443442735926348,0.18541400611102227,1.0,0.0
0.20443442735926348,0.1887790046009766,1.0,0.0
0.20443442735926348,0.19214400309093094,1.0,0.0
0.20443442735926348,0.19550900158088524,1.0,0.0
0.20443442735926348,0.19887400007083958,1.0,0.0
0.20443442735926348,0.20223899856079391,1.0,0.0
0.20443442735926348,0.20560399705074822,1.0,0.0
0.20443442735926348,0.20896899554070256,1.0,0.0
0.20443442735926348,0.2123339940306569,1.0,0.0
0.20443442735926348,0.2156989925206112,1.0,0.0
0.20443442735926348,0.21906399101056553,1.0,0.0
0.20443442735926348,0.22242898950051984,1.0,0.0
0.2077994258492178,0.05417906500280362,1.0,0.0
0.2077994258492178,0.057544063492757945,1.0,0.0
0.2077994258492178,0.06090906198271227,1.0,0.0
0.2077994258492178,0.0642740604726666,1.0,0.0
0.2077994258492178,0.06763905896262092,1.0,0.0
0.2077994258492178,0.07100405745257524,1.0,0.0
0.2077994258492178,0.07436905594252957,1.0,0.0
0.2077994258492178,0.07773405443248389,1.0,0.0
0.2077994258492178,0.08109905292243821,1.0,0.0
0.2077994258492178,0.08446405141239255,1.0,0.0
0.2077994258492178,0.08782904990234687,1.0,0.0
0.2077994258492178,0.09119404839230119,1.0,0.0
0.2077994258492178,0.09455904688225551,1.0,0.0
0.2077994258492178,0.09792404537220983,1.0,0.0
0.2077994258492178,0.10128904386216417,1.0,0.0
0.2077994258492178,0.10465404235211849,1.0,0.0
0.2077994258492178,0.10801904084207281,1.0,0.0
0.2077994258492178,0.11138403933202715,1.0,0.0
0.2077994258492178,0.11474903782198147,1.0,0.0
0.2077994258492178,0.11811403631193579,1.0,0.0
0.2077994258492178,0.12147903480189011,1.0,0.0
0.2077994258492178,0.12484403329184443,1.0,0.0
0.2077994258492178,0.12820903178179877,1.0,0.0
0.2077994258492178,0.13157403027175307,1.0,0.0
0.2077994258492178,0.1349390287617074,1.0,0.0
0.2077994258492178,0.13830402725166174,1.0,0.0
0.2077994258492178,0.14166902574161605,1.0,0.0
0.2077994258492178,0.14503402423157039,1.0,0.0
0.2077994258492178,0.14839902272152472,1.0,0.0
0.2077994258492178,0.16858901366125065,1.0,0.0
0.2077994258492178,0.17195401215120498,1.0,0.0
0.2077994258492178,0.17531901064115932,1.0,0.0
0.2077994258492178,0.17868400913111362,1.0,0.0
0.2077994258492178,0.18204900762106796,1.0,0.0
0.2077994258492178,0.18541400611102227,1.0,0.0
0.2077994258492178,0.1887790046009766,1.0,0.0
0.2077994258492178,0.19214400309093094,1.0,0.0
0.2077994258492178,0.19550900158088524,1.0,0.0
0.2077994258492178,0.19887400007083958,1.0,0.0
0.2077994258492178,0.20223899856079391,1.0,0.0
0.2077994258492178,0.20560399705074822,1.0,0.0
0.2077994258492178,0.20896899554070256,1.0,0.0
0.2077994258492178,0.2123339940306569,1.0,0.0
0.2077994258492178,0.2156989925206112,1.0,0.0
0.2077994258492178,0.21906399101056553,1.0,0.0
0.2077994258492178,0.22242898950051984,1.0,0.0
0.21116442433917212,0.05417906500280362,1.0,0.0
0.21116442433917212,0.057544063492757945,1.0,0.0
0.21116442433917212,0.06090906198271227,1.0,0.0
0.21116442433917212,0.0642740604726666,1.0,0.0
0.21116442433917212,0.06763905896262092,1.0,0.0
0.21116442433917212,0.07100405745257524,1.0,0.0
0.21116442433917212,0.07436905594252957,1.0,0.0
0.21116442433917212,0.07773405443248389,1.0,0.0
0.21116442433917212,0.08109905292243821,1.0,0.0
0.21116442433917212,0.08446405141239255,1.0,0.0
0.21116442433917212,0.08782904990234687,1.0,0.0
0.21116442433917212,0.09119404839230119,1.0,0.0
0.21116442433917212,0.09455904688225551,1.0,0.0
0.21116442433917212,0.09792404537220983,1.0,0.0
0.21116442433917212,0.10128904386216417,1.0,0.0
0.21116442433917212,0.10465404235211849,1.0,0.0
0.21116442433917212,0.10801904084207281,1.0,0.0
0.21116442433917212,0.11138403933202715,1.0,0.0
0.21116442433917212,0.11474903782198147,1.0,0.0
0.21116442433917212,0.11811403631193579,1.0,0.0
0.21116442433917212,0.12147903480189011,1.0,0.0
0.21116442433917212,0.12484403329184443,1.0,0.0
0.21116442433917212,0.12820903178179877,1.0,0.0
0.21116442433917212,0.13157403027175307,1.0,0.0
0.21116442433917212,0.1349390287617074,1.0,0.0
0.21116442433917212,0.13830402725166174,1.0,0.0
0.21116442433917212,0.14166902574161605,1.0,0.0
0.21116442433917212,0.14503402423157039,1.0,0.0
0.21116442433917212,0.14839902272152472,1.0,0.0
0.21116442433917212,0.15176402121147903,1.0,0.0
0.21116442433917212,0.15512901970143336,1.0,0.0
0.21116442433917212,0.1584940181913877,1.0,0.0
0.21116442433917212,0.16858901366125065,1.0,0.0
0.21116442433917212,0.17195401215120498,1.0,0.0
0.21116442433917212,0.17531901064115932,1.0,0.0
0.21116442433917212,0.17868400913111362,1.0,0.0
0.21116442433917212,0.18204900762106796,1.0,0.0
0.21116442433917212,0.18541400611102227,1.0,0.0
0.21116442433917212,0.1887790046009766,1.0,0.0
0.21116442433917212,0.19214400309093094,1.0,0.0
0.21116442433917212,0.19550900158088524,1.0,0.0
0.21116442433917212,0.19887400007083958,1.0,0.0
0.21116442433917212,0.20223899856079391,1.0,0.0
0.21116442433917212,0.20560399705074822,1.0,0.0
0.21116442433917212,0.20896899554070256,1.0,0.0
0.21116442433917212,0.2123339940306569,1.0,0.0
0.21116442433917212,0.2156989925206112,1.0,0.0
0.21116442433917212,0.21906399101056553,1.0,0.0
0.21116442433917212,0.22242898950051984,1.0,0.0
0.21452942282912646,0.05417906500280362,1.0,0.0
0.21452942282912646,0.057544063492757945,1.0,0.0
0.21452942282912646,0.06090906198271227,1.0,0.0
0.21452942282912646,0.0642740604726666,1.0,0.0
0.21452942282912646,0.06763905896262092,1.0,0.0
0.21452942282912646,0.07100405745257524,1.0,0.0
0.21452942282912646,0.07436905594252957,1.0,0.0
0.21452942282912646,0.07773405443248389,1.0,0.0
0.21452942282912646,0.08109905292243821,1.0,0.0
0.21452942282912646,0.08446405141239255,1.0,0.0
0.21452942282912646,0.08782904990234687,1.0,0.0
0.21452942282912646,0.09119404839230119,1.0,0.0
0.21452942282912646,0.09455904688225551,1.0,0.0
0.21452942282912646,0.09792404537220983,1.0,0.0
0.21452942282912646,0.10128904386216417,1.0,0.0
0.21452942282912646,0.10465404235211849,1.0,0.0
0.21452942282912646,0.10801904084207281,1.0,0.0
0.21452942282912646,0.11138403933202715,1.0,0.0
0.21452942282912646,0.11474903782198147,1.0,0.0
0.21452942282912646,0.11811403631193579,1.0,0.0
0.21452942282912646,0.12147903480189011,1.0,0.0
0.21452942282912646,0.12484403329184443,1.0,0.0
0.21452942282912646,0.12820903178179877,1.0,0.0
0.21452942282912646,0.13157403027175307,1.0,0.0
0.21452942282912646,0.1349390287617074,1.0,0.0
0.21452942282912646,0.13830402725166174,1.0,0.0
0.21452942282912646,0.14166902574161605,1.0,0.0
0.21452942282912646,0.14503402423157039,1.0,0.0
0.21452942282912646,0.14839902272152472,1.0,0.0
0.21452942282912646,0.15176402121147903,1.0,0.0
0.21452942282912646,0.15512901970143336,1.0,0.0
0.21452942282912646,0.1584940181913877,1.0,0.0
0.21452942282912646,0.161859016681342,1.0,0.0
0.21452942282912646,0.16522401517129634,1.0,0.0
0.21452942282912646,0.16858901366125065,1.0,0.0
0.21452942282912646,0.17195401215120498,1.0,0.0
0.21452942282912646,0.17531901064115932,1.0,0.0
0.21452942282912646,0.17868400913111362,1.0,0.0
0.21452942282912646,0.18204900762106796,1.0,0.0
0.21452942282912646,0.18541400611102227,1.0,0.0
0.21452942282912646,0.1887790046009766,1.0,0.0
0.21452942282912646,0.19214400309093094,1.0,0.0
0.21452942282912646,0.19550900158088524,1.0,0.0
0.21452942282912646,0.19887400007083958,1.0,0.0
0.21452942282912646,0.20223899856079391,1.0,0.0
0.21452942282912646,0.20560399705074822,1.0,0.0
0.21452942282912646,0.20896899554070256,1.0,0.0
0.21452942282912646,0.2123339940306569,1.0,0.0
0.21452942282912646,0.2156989925206112,1.0,0.0
0.21452942282912646,0.21906399101056553,1.0,0.0
0.21452942282912646,0.22242898950051984,1.0,0.0
0.2178944213190808,0.05417906500280362,1.0,0.0
0.2178944213190808,0.057544063492757945,1.0,0.0
0.2178944213190808,0.06090906198271227,1.0,0.0
0.2178944213190808,0.0642740604726666,1.0,0.0
0.2178944213190808,0.06763905896262092,1.0,0.0
0.2178944213190808,0.07100405745257524,1.0,0.0
0.2178944213190808,0.07436905594252957,1.0,0.0
0.2178944213190808,0.07773405443248389,1.0,0.0
0.2178944213190808,0.08109905292243821,1.0,0.0
0.2178944213190808,0.08446405141239255,1.0,0.0
0.2178944213190808,0.08782904990234687,1.0,0.0
0.2178944213190808,0.09119404839230119,1.0,0.0
0.2178944213190808,0.09455904688225551,1.0,0.0
0.2178944213190808,0.09792404537220983,1.0,0.0
0.2178944213190808,0.10128904386216417,1.0,0.0
0.2178944213190808,0.10465404235211849,1.0,0.0
0.2178944213190808,0.10801904084207281,1.0,0.0
0.2178944213190808,0.11138403933202715,1.0,0.0
0.2178944213190808,0.11474903782198147,1.0,0.0
0.2178944213190808,0.11811403631193579,1.0,0.0
0.2178944213190808,0.12147903480189011,1.0,0.0
0.2178944213190808,0.12484403329184443,1.0,0.0
0.2178944213190808,0.12820903178179877,1.0,0.0
0.2178944213190808,0.13157403027175307,1.0,0.0
0.2178944213190808,0.1349390287617074,1.0,0.0
0.2178944213190808,0.13830402725166174,1.0,0.0
0.2178944213190808,0.14166902574161605,1.0,0.0
0.2178944213190808,0.14503402423157039,1.0,0.0
0.2178944213190808,0.14839902272152472,1.0,0.0
0.2178944213190808,0.15176402121147903,1.0,0.0
0.2178944213190808,0.15512901970143336,1.0,0.0
0.2178944213190808,0.1584940181913877,1.0,0.0
0.2178944213190808,0.161859016681342,1.0,0.0
0.2178944213190808,0.16522401517129634,1.0,0.0
0.2178944213190808,0.16858901366125065,1.0,0.0
0.2178944213190808,0.17195401215120498,1.0,0.0
0.2178944213190808,0.17531901064115932,1.0,0.0
0.2178944213190808,0.17868400913111362,1.0,0.0
0.2178944213190808,0.18204900762106796,1.0,0.0
0.2178944213190808,0.18541400611102227,1.0,0.0
0.2178944213190808,0.1887790046009766,1.0,0.0
0.2178944213190808,0.19214400309093094,1.0,0.0
0.2178944213190808,0.19550900158088524,1.0,0.0
0.2178944213190808,0.19887400007083958,1.0,0.0
0.2178944213190808,0.20223899856079391,1.0,0.0
0.2178944213190808,0.20560399705074822,1.0,0.0
0.2178944213190808,0.20896899554070256,1.0,0.0
0.2178944213190808,0.2123339940306569,1.0,0.0
0.2178944213190808,0.2156989925206112,1.0,0.0
0.2178944213190808,0.21906399101056553,1.0,0.0
0.2178944213190808,0.22242898950051984,1.0,0.0
0.22125941980903513,0.05417906500280362,1.0,0.0
0.22125941980903513,0.057544063492757945,1.0,0.0
0.22125941980903513,0.06090906198271227,1.0,0.0
0.22125941980903513,0.0642740604726666,1.0,0.0
0.22125941980903513,0.06763905896262092,1.0,0.0
0.22125941980903513,0.07100405745257524,1.0,0.0
0.22125941980903513,0.07436905594252957,1.0,0.0
0.22125941980903513,0.07773405443248389,1.0,0.0
0.22125941980903513,0.08109905292243821,1.0,0.0
0.22125941980903513,0.08446405141239255,1.0,0.0
0.22125941980903513,0.08782904990234687,1.0,0.0
0.22125941980903513,0.09119404839230119,1.0,0.0
0.22125941980903513,0.09455904688225551,1.0,0.0
0.22125941980903513,0.09792404537220983,1.0,0.0
0.22125941980903513,0.10128904386216417,1.0,0.0
0.22125941980903513,0.10465404235211849,1.0,0.0
0.22125941980903513,0.10801904084207281,1.0,0.0
0.22125941980903513,0.11138403933202715,1.0,0.0
0.22125941980903513,0.11474903782198147,1.0,0.0
0.22125941980903513,0.11811403631193579,1.0,0.0
0.22125941980903513,0.12147903480189011,1.0,0.0
0.22125941980903513,0.12484403329184443,1.0,0.0
0.22125941980903513,0.12820903178179877,1.0,0.0
0.22125941980903513,0.13157403027175307,1.0,0.0
0.22125941980903513,0.1349390287617074,1.0,0.0
0.22125941980903513,0.13830402725166174,1.0,0.0
0.22125941980903513,0.14166902574161605,1.0,0.0
0.22125941980903513,0.14503402423157039,1.0,0.0
0.22125941980903513,0.14839902272152472,1.0,0.0
0.22125941980903513,0.15176402121147903,1.0,0.0
0.22125941980903513,0.15512901970143336,1.0,0.0
0.22125941980903513,0.1584940181913877,1.0,0.0
0.22125941980903513,0.161859016681342,1.0,0.0
0.22125941980903513,0.16522401517129634,1.0,0.0
0.22125941980903513,0.16858901366125065,1.0,0.0
0.22125941980903513,0.17195401215120498,1.0,0.0
0.22125941980903513,0.17531901064115932,1.0,0.0
0.22125941980903513,0.17868400913111362,1.0,0.0
0.22125941980903513,0.18204900762106796,1.0,0.0
0.22125941980903513,0.18541400611102227,1.0,0.0
0.22125941980903513,0.1887790046009766,1.0,0.0
0.22125941980903513,0.19214400309093094,1.0,0.0
0.22125941980903513,0.19550900158088524,1.0,0.0
0.22125941980903513,0.19887400007083958,1.0,0.0
0.22125941980903513,0.20223899856079391,1.0,0.0
0.22125941980903513,0.20560399705074822,1.0,0.0
0.22125941980903513,0.20896899554070256,1.0,0.0
0.22125941980903513,0.2123339940306569,1.0,0.0
0.22125941980903513,0.2156989925206112,1.0,0.0
0.22125941980903513,0.21906399101056553,1.0,0.0
0.22125941980903513,0.22242898950051984,1.0,0.0
0.22462441829898944,0.05417906500280362,1.0,0.0
0.22462441829898944,0.057544063492757945,1.0,0.0
0.22462441829898944,0.06090906198271227,1.0,0.0
0.22462441829898944,0.0642740604726666,1.0,0.0
0.22462441829898944,0.06763905896262092,1.0,0.0
0.22462441829898944,0.07100405745257524,1.0,0.0
0.22462441829898944,0.07436905594252957,1.0,0.0
0.22462441829898944,0.07773405443248389,1.0,0.0
0.22462441829898944,0.08109905292243821,1.0,0.0
0.22462441829898944,0.08446405141239255,1.0,0.0
0.22462441829898944,0.08782904990234687,1.0,0.0
0.22462441829898944,0.09119404839230119,1.0,0.0
0.22462441829898944,0.09455904688225551,1.0,0.0
0.22462441829898944,0.09792404537220983,1.0,0.0
0.22462441829898944,0.10128904386216417,1.0,0.0
0.22462441829898944,0.10465404235211849,1.0,0.0
0.22462441829898944,0.10801904084207281,1.0,0.0
0.22462441829898944,0.11138403933202715,1.0,0.0
0.22462441829898944,0.11474903782198147,1.0,0.0
0.22462441829898944,0.11811403631193579,1.0,0.0
0.22462441829898944,0.12147903480189011,1.0,0.0
0.22462441829898944,0.12484403329184443,1.0,0.0
0.22462441829898944,0.12820903178179877,1.0,0.0
0.22462441829898944,0.13157403027175307,1.0,0.0
0.22462441829898944,0.1349390287617074,1.0,0.0
0.22462441829898944,0.13830402725166174,1.0,0.0
0.22462441829898944,0.14166902574161605,1.0,0.0
0.22462441829898944,0.14503402423157039,1.0,0.0
0.22462441829898944,0.14839902272152472,1.0,0.0
0.22462441829898944,0.15176402121147903,1.0,0.0
0.22462441829898944,0.15512901970143336,1.0,0.0
0.22462441829898944,0.1584940181913877,1.0,0.0
0.22462441829898944,0.161859016681342,1.0,0.0
0.22462441829898944,0.16522401517129634,1.0,0.0
0.22462441829898944,0.16858901366125065,1.0,0.0
0.22462441829898944,0.17195401215120498,1.0,0.0
0.22462441829898944,0.17531901064115932,1.0,0.0
0.22462441829898944,0.17868400913111362,1.0,0.0
0.22462441829898944,0.18204900762106796,1.0,0.0
0.22462441829898944,0.18541400611102227,1.0,0.0
0.22462441829898944,0.1887790046009766,1.0,0.0
0.22462441829898944,0.19214400309093094,1.0,0.0
0.22462441829898944,0.19550900158088524,1.0,0.0
0.22462441829898944,0.19887400007083958,1.0,0.0
0.22462441829898944,0.20223899856079391,1.0,0.0
0.22462441829898944,0.20560399705074822,1.0,0.0
0.22462441829898944,0.20896899554070256,1.0,0.0
0.22462441829898944,0.2123339940306569,1.0,0.0
0.22462441829898944,0.2156989925206112,1.0,0.0
0.22462441829898944,0.21906399101056553,1.0,0.0
0.22462441829898944,0.22242898950051984,1.0,0.0
0.22798941678894377,0.05417906500280362,1.0,0.0
0.22798941678894377,0.057544063492757945,1.0,0.0
0.22798941678894377,0.06090906198271227,1.0,0.0
0.22798941678894377,0.0642740604726666,1.0,0.0
0.22798941678894377,0.06763905896262092,1.0,0.0
0.22798941678894377,0.07100405745257524,1.0,0.0
0.22798941678894377,0.07436905594252957,1.0,0.0
0.22798941678894377,0.07773405443248389,1.0,0.0
0.22798941678894377,0.08109905292243821,1.0,0.0
0.22798941678894377,0.08446405141239255,1.0,0.0
0.22798941678894377,0.08782904990234687,1.0,0.0
0.22798941678894377,0.09119404839230119,1.0,0.0
0.22798941678894377,0.09455904688225551,1.0,0.0
0.22798941678894377,0.09792404537220983,1.0,0.0
0.22798941678894377,0.10128904386216417,1.0,0.0
0.22798941678894377,0.10465404235211849,1.0,0.0
0.22798941678894377,0.10801904084207281,1.0,0.0
0.22798941678894377,0.11138403933202715,1.0,0.0
0.22798941678894377,0.11474903782198147,1.0,0.0
0.22798941678894377,0.11811403631193579,1.0,0.0
0.22798941678894377,0.12147903480189011,1.0,0.0
0.22798941678894377,0.12484403329184443,1.0,0.0
0.22798941678894377,0.12820903178179877,1.0,0.0
0.22798941678894377,0.13157403027175307,1.0,0.0
0.22798941678894377,0.1349390287617074,1.0,0.0
0.22798941678894377,0.13830402725166174,1.0,0.0
0.22798941678894377,0.14166902574161605,1.0,0.0
0.22798941678894377,0.14503402423157039,1.0,0.0
0.22798941678894377,0.14839902272152472,1.0,0.0
0.22798941678894377,0.15176402121147903,1.0,0.0
0.22798941678894377,0.15512901970143336,1.0,0.0
0.22798941678894377,0.1584940181913877,1.0,0.0
0.22798941678894377,0.161859016681342,1.0,0.0
0.22798941678894377,0.16522401517129634,1.0,0.0
0.22798941678894377,0.16858901366125065,1.0,0.0
0.22798941678894377,0.17195401215120498,1.0,0.0
0.22798941678894377,0.17531901064115932,1.0,0.0
0.22798941678894377,0.17868400913111362,1.0,0.0
0.22798941678894377,0.18204900762106796,1.0,0.0
0.22798941678894377,0.18541400611102227,1.0,0.0
0.22798941678894377,0.1887790046009766,1.0,0.0
0.22798941678894377,0.19214400309093094,1.0,0.0
0.22798941678894377,0.19550900158088524,1.0,0.0
0.22798941678894377,0.19887400007083958,1.0,0.0
0.22798941678894377,0.20223899856079391,1.0,0.0
0.22798941678894377,0.20560399705074822,1.0,0.0
0.22798941678894377,0.20896899554070256,1.0,0.0
0.22798941678894377,0.2123339940306569,1.0,0.0
0.22798941678894377,0.2156989925206112,1.0,0.0
0.22798941678894377,0.21906399101056553,1.0,0.0
0.2313544152788981,0.050814066512849296,1.0,0.0
0.2313544152788981,0.05417906500280362,1.0,0.0
0.2313544152788981,0.057544063492757945,1.0,0.0
0.2313544152788981,0.06090906198271227,1.0,0.0
0.2313544152788981,0.0642740604726666,1.0,0.0
0.2313544152788981,0.06763905896262092,1.0,0.0
0.2313544152788981,0.07100405745257524,1.0,0.0
0.2313544152788981,0.07436905594252957,1.0,0.0
0.2313544152788981,0.07773405443248389,1.0,0.0
0.2313544152788981,0.08109905292243821,1.0,0.0
0.2313544152788981,0.08446405141239255,1.0,0.0
0.2313544152788981,0.08782904990234687,1.0,0.0
0.2313544152788981,0.09119404839230119,1.0,0.0
0.2313544152788981,0.09455904688225551,1.0,0.0
0.2313544152788981,0.09792404537220983,1.0,0.0
0.2313544152788981,0.10128904386216417,1.0,0.0
0.2313544152788981,0.10465404235211849,1.0,0.0
0.2313544152788981,0.10801904084207281,1.0,0.0
0.2313544152788981,0.11138403933202715,1.0,0.0
0.2313544152788981,0.11474903782198147,1.0,0.0
0.2313544152788981,0.11811403631193579,1.0,0.0
0.2313544152788981,0.12147903480189011,1.0,0.0
0.2313544152788981,0.12484403329184443,1.0,0.0
0.2313544152788981,0.12820903178179877,1.0,0.0
0.2313544152788981,0.13157403027175307,1.0,0.0
0.2313544152788981,0.1349390287617074,1.0,0.0
0.2313544152788981,0.13830402725166174,1.0,0.0
0.2313544152788981,0.14166902574161605,1.0,0.0
0.2313544152788981,0.14503402423157039,1.0,0.0
0.2313544152788981,0.14839902272152472,1.0,0.0
0.2313544152788981,0.15176402121147903,1.0,0.0
0.2313544152788981,0.15512901970143336,1.0,0.0
0.2313544152788981,0.1584940181913877,1.0,0.0
0.2313544152788981,0.161859016681342,1.0,0.0
0.2313544152788981,0.16522401517129634,1.0,0.0
0.2313544152788981,0.16858901366125065,1.0,0.0
0.2313544152788981,0.17195401215120498,1.0,0.0
0.2313544152788981,0.17531901064115932,1.0,0.0
0.2313544152788981,0.17868400913111362,1.0,0.0
0.2313544152788981,0.18204900762106796,1.0,0.0
0.2313544152788981,0.18541400611102227,1.0,0.0
0.2313544152788981,0.1887790046009766,1.0,0.0
0.2313544152788981,0.19214400309093094,1.0,0.0
0.2313544152788981,0.19550900158088524,1.0,0.0
0.2313544152788981,0.19887400007083958,1.0,0.0
0.2313544152788981,0.20223899856079391,1.0,0.0
0.2313544152788981,0.20560399705074822,1.0,0.0
0.2313544152788981,0.20896899554070256,1.0,0.0
0.2313544152788981,0.2123339940306569,1.0,0.0
0.2313544152788981,0.2156989925206112,1.0,0.0
0.2313544152788981,0.21906399101056553,1.0,0.0
0.23471941376885241,0.050814066512849296,1.0,0.0
0.23471941376885241,0.05417906500280362,1.0,0.0
0.23471941376885241,0.057544063492757945,1.0,0.0
0.23471941376885241,0.06090906198271227,1.0,0.0
0.23471941376885241,0.0642740604726666,1.0,0.0
0.23471941376885241,0.06763905896262092,1.0,0.0
0.23471941376885241,0.07100405745257524,1.0,0.0
0.23471941376885241,0.07436905594252957,1.0,0.0
0.23471941376885241,0.07773405443248389,1.0,0.0
0.23471941376885241,0.08109905292243821,1.0,0.0
0.23471941376885241,0.08446405141239255,1.0,0.0
0.23471941376885241,0.08782904990234687,1.0,0.0
0.23471941376885241,0.09119404839230119,1.0,0.0
0.23471941376885241,0.09455904688225551,1.0,0.0
0.23471941376885241,0.09792404537220983,1.0,0.0
0.23471941376885241,0.10128904386216417,1.0,0.0
0.23471941376885241,0.10465404235211849,1.0,0.0
0.23471941376885241,0.10801904084207281,1.0,0.0
0.23471941376885241,0.11138403933202715,1.0,0.0
0.23471941376885241,0.11474903782198147,1.0,0.0
0.23471941376885241,0.11811403631193579,1.0,0.0
0.23471941376885241,0.12147903480189011,1.0,0.0
0.23471941376885241,0.12484403329184443,1.0,0.0
0.23471941376885241,0.12820903178179877,1.0,0.0
0.23471941376885241,0.13157403027175307,1.0,0.0
0.23471941376885241,0.1349390287617074,1.0,0.0
0.23471941376885241,0.13830402725166174,1.0,0.0
0.23471941376885241,0.14166902574161605,1.0,0.0
0.23471941376885241,0.14503402423157039,1.0,0.0
0.23471941376885241,0.14839902272152472,1.0,0.0
0.23471941376885241,0.15176402121147903,1.0,0.0
0.23471941376885241,0.15512901970143336,1.0,0.0
0.23471941376885241,0.1584940181913877,1.0,0.0
0.23471941376885241,0.161859016681342,1.0,0.0
0.23471941376885241,0.16522401517129634,1.0,0.0
0.23471941376885241,0.16858901366125065,1.0,0.0
0.23471941376885241,0.17195401215120498,1.0,0.0
0.23471941376885241,0.17531901064115932,1.0,0.0
0.23471941376885241,0.17868400913111362,1.0,0.0
0.23471941376885241,0.18204900762106796,1.0,0.0
0.23471941376885241,0.18541400611102227,1.0,0.0
0.23471941376885241,0.1887790046009766,1.0,0.0
0.23471941376885241,0.19214400309093094,1.0,0.0
0.23471941376885241,0.19550900158088524,1.0,0.0
0.23471941376885241,0.19887400007083958,1.0,0.0
0.23471941376885241,0.20223899856079391,1.0,0.0
0.23471941376885241,0.20560399705074822,1.0,0.0
0.23471941376885241,0.20896899554070256,1.0,0.0
0.23471941376885241,0.2123339940306569,1.0,0.0
0.23471941376885241,0.2156989925206112,1.0,0.0
0.23808441225880675,0.050814066512849296,1.0,0.0
0.23808441225880675,0.05417906500280362,1.0,0.0
0.23808441225880675,0.057544063492757945,1.0,0.0
0.23808441225880675,0.06090906198271227,1.0,0.0
0.23808441225880675,0.0642740604726666,1.0,0.0
0.23808441225880675,0.06763905896262092,1.0,0.0
0.23808441225880675,0.07100405745257524,1.0,0.0
0.23808441225880675,0.07436905594252957,1.0,0.0
0.23808441225880675,0.07773405443248389,1.0,0.0
0.23808441225880675,0.08109905292243821,1.0,0.0
0.23808441225880675,0.08446405141239255,1.0,0.0
0.23808441225880675,0.08782904990234687,1.0,0.0
0.23808441225880675,0.09119404839230119,1.0,0.0
0.23808441225880675,0.09455904688225551,1.0,0.0
0.23808441225880675,0.09792404537220983,1.0,0.0
0.23808441225880675,0.10128904386216417,1.0,0.0
0.23808441225880675,0.10465404235211849,1.0,0.0
0.23808441225880675,0.10801904084207281,1.0,0.0
0.23808441225880675,0.11138403933202715,1.0,0.0
0.23808441225880675,0.11474903782198147,1.0,0.0
0.23808441225880675,0.11811403631193579,1.0,0.0
0.23808441225880675,0.12147903480189011,1.0,0.0
0.23808441225880675,0.12484403329184443,1.0,0.0
0.23808441225880675,0.12820903178179877,1.0,0.0
0.23808441225880675,0.13157403027175307,1.0,0.0
0.23808441225880675,0.1349390287617074,1.0,0.0
0.23808441225880675,0.13830402725166174,1.0,0.0
0.23808441225880675,0.14166902574161605,1.0,0.0
0.23808441225880675,0.14503402423157039,1.0,0.0
0.23808441225880675,0.14839902272152472,1.0,0.0
0.23808441225880675,0.15176402121147903,1.0,0.0
0.23808441225880675,0.15512901970143336,1.0,0.0
0.23808441225880675,0.1584940181913877,1.0,0.0
0.23808441225880675,0.161859016681342,1.0,0.0
0.23808441225880675,0.16522401517129634,1.0,0.0
0.23808441225880675,0.16858901366125065,1.0,0.0
0.23808441225880675,0.17195401215120498,1.0,0.0
0.23808441225880675,0.17531901064115932,1.0,0.0
0.23808441225880675,0.17868400913111362,1.0,0.0
0.23808441225880675,0.18204900762106796,1.0,0.0
0.23808441225880675,0.18541400611102227,1.0,0.0
0.23808441225880675,0.1887790046009766,1.0,0.0
0.23808441225880675,0.19214400309093094,1.0,0.0
0.23808441225880675,0.19550900158088524,1.0,0.0
0.23808441225880675,0.19887400007083958,1.0,0.0
0.23808441225880675,0.20223899856079391,1.0,0.0
0.23808441225880675,0.20560399705074822,1.0,0.0
0.23808441225880675,0.20896899554070256,1.0,0.0
0.23808441225880675,0.2123339940306569,1.0,0.0
0.24144941074876108,0.050814066512849296,1.0,0.0
0.24144941074876108,0.05417906500280362,1.0,0.0
0.24144941074876108,0.057544063492757945,1.0,0.0
0.24144941074876108,0.06090906198271227,1.0,0.0
0.24144941074876108,0.0642740604726666,1.0,0.0
0.24144941074876108,0.06763905896262092,1.0,0.0
0.24144941074876108,0.07100405745257524,1.0,0.0
0.24144941074876108,0.07436905594252957,1.0,0.0
0.24144941074876108,0.07773405443248389,1.0,0.0
0.24144941074876108,0.08109905292243821,1.0,0.0
0.24144941074876108,0.08446405141239255,1.0,0.0
0.24144941074876108,0.08782904990234687,1.0,0.0
0.24144941074876108,0.09119404839230119,1.0,0.0
0.24144941074876108,0.09455904688225551,1.0,0.0
0.24144941074876108,0.09792404537220983,1.0,0.0
0.24144941074876108,0.10128904386216417,1.0,0.0
0.24144941074876108,0.10465404235211849,1.0,0.0
0.24144941074876108,0.10801904084207281,1.0,0.0
0.24144941074876108,0.11138403933202715,1.0,0.0
0.24144941074876108,0.11474903782198147,1.0,0.0
0.24144941074876108,0.11811403631193579,1.0,0.0
0.24144941074876108,0.12147903480189011,1.0,0.0
0.24144941074876108,0.12484403329184443,1.0,0.0
0.24144941074876108,0.12820903178179877,1.0,0.0
0.24144941074876108,0.13157403027175307,1.0,0.0
0.24144941074876108,0.1349390287617074,1.0,0.0
0.24144941074876108,0.13830402725166174,1.0,0.0
0.24144941074876108,0.14166902574161605,1.0,0.0
0.24144941074876108,0.14503402423157039,1.0,0.0
0.24144941074876108,0.14839902272152472,1.0,0.0
0.24144941074876108,0.15176402121147903,1.0,0.0
0.24144941074876108,0.15512901970143336,1.0,0.0
0.24144941074876108,0.1584940181913877,1.0,0.0
0.24144941074876108,0.161859016681342,1.0,0.0
0.24144941074876108,0.16522401517129634,1.0,0.0
0.24144941074876108,0.16858901366125065,1.0,0.0
0.24144941074876108,0.17195401215120498,1.0,0.0
0.24144941074876108,0.17531901064115932,1.0,0.0
0.24144941074876108,0.17868400913111362,1.0,0.0
0.24144941074876108,0.18204900762106796,1.0,0.0
0.24144941074876108,0.18541400611102227,1.0,0.0
0.24144941074876108,0.1887790046009766,1.0,0.0
0.24144941074876108,0.19214400309093094,1.0,0.0
0.24144941074876108,0.19550900158088524,1.0,0.0
0.24144941074876108,0.19887400007083958,1.0,0.0
0.24144941074876108,0.20223899856079391,1.0,0.0
0.24144941074876108,0.20560399705074822,1.0,0.0
0.24144941074876108,0.20896899554070256,1.0,0.0
0.24481440923871542,0.050814066512849296,1.0,0.0
0.24481440923871542,0.05417906500280362,1.0,0.0
0.24481440923871542,0.057544063492757945,1.0,0.0
0.24481440923871542,0.06090906198271227,1.0,0.0
0.24481440923871542,0.0642740604726666,1.0,0.0
0.24481440923871542,0.06763905896262092,1.0,0.0
0.24481440923871542,0.07100405745257524,1.0,0.0
0.24481440923871542,0.07436905594252957,1.0,0.0
0.24481440923871542,0.07773405443248389,1.0,0.0
0.24481440923871542,0.08109905292243821,1.0,0.0
0.24481440923871542,0.08446405141239255,1.0,0.0
0.24481440923871542,0.08782904990234687,1.0,0.0
0.24481440923871542,0.09119404839230119,1.0,0.0
0.24481440923871542,0.09455904688225551,1.0,0.0
0.24481440923871542,0.09792404537220983,1.0,0.0
0.24481440923871542,0.10128904386216417,1.0,0.0
0.24481440923871542,0.10465404235211849,1.0,0.0
0.24481440923871542,0.10801904084207281,1.0,0.0
0.24481440923871542,0.11138403933202715,1.0,0.0
0.24481440923871542,0.11474903782198147,1.0,0.0
0.24481440923871542,0.11811403631193579,1.0,0.0
0.24481440923871542,0.12147903480189011,1.0,0.0
0.24481440923871542,0.12484403329184443,1.0,0.0
0.24481440923871542,0.12820903178179877,1.0,0.0
0.24481440923871542,0.13157403027175307,1.0,0.0
0.24481440923871542,0.1349390287617074,1.0,0.0
0.24481440923871542,0.13830402725166174,1.0,0.0
0.24481440923871542,0.14166902574161605,1.0,0.0
0.24481440923871542,0.14503402423157039,1.0,0.0
0.24481440923871542,0.14839902272152472,1.0,0.0
0.24481440923871542,0.15176402121147903,1.0,0.0
0.24481440923871542,0.15512901970143336,1.0,0.0
0.24481440923871542,0.1584940181913877,1.0,0.0
0.24481440923871542,0.161859016681342,1.0,0.0
0.24481440923871542,0.16522401517129634,1.0,0.0
0.24481440923871542,0.16858901366125065,1.0,0.0
0.24481440923871542,0.17195401215120498,1.0,0.0
0.24481440923871542,0.17531901064115932,1.0,0.0
0.24481440923871542,0.17868400913111362,1.0,0.0
0.24481440923871542,0.18204900762106796,1.0,0.0
0.24817940772866975,0.050814066512849296,1.0,0.0
0.24817940772866975,0.05417906500280362,1.0,0.0
0.24817940772866975,0.057544063492757945,1.0,0.0
0.24817940772866975,0.06090906198271227,1.0,0.0
0.24817940772866975,0.0642740604726666,1.0,0.0
0.24817940772866975,0.06763905896262092,1.0,0.0
0.24817940772866975,0.07100405745257524,1.0,0.0
0.24817940772866975,0.07436905594252957,1.0,0.0
0.24817940772866975,0.07773405443248389,1.0,0.0
0.24817940772866975,0.08109905292243821,1.0,0.0
0.24817940772866975,0.08446405141239255,1.0,0.0
0.24817940772866975,0.08782904990234687,1.0,0.0
0.24817940772866975,0.09119404839230119,1.0,0.0
0.24817940772866975,0.09455904688225551,1.0,0.0
0.24817940772866975,0.09792404537220983,1.0,0.0
0.24817940772866975,0.10128904386216417,1.0,0.0
0.24817940772866975,0.10465404235211849,1.0,0.0
0.24817940772866975,0.10801904084207281,1.0,0.0
0.24817940772866975,0.11138403933202715,1.0,0.0
0.24817940772866975,0.11474903782198147,1.0,0.0
0.24817940772866975,0.11811403631193579,1.0,0.0
0.24817940772866975,0.12147903480189011,1.0,0.0
0.24817940772866975,0.12484403329184443,1.0,0.0
0.24817940772866975,0.12820903178179877,1.0,0.0
0.24817940772866975,0.13157403027175307,1.0,0.0
0.24817940772866975,0.1349390287617074,1.0,0.0
0.24817940772866975,0.13830402725166174,1.0,0.0
0.24817940772866975,0.14166902574161605,1.0,0.0
0.24817940772866975,0.14503402423157039,1.0,0.0
0.24817940772866975,0.14839902272152472,1.0,0.0
0.24817940772866975,0.15176402121147903,1.0,0.0
0.24817940772866975,0.15512901970143336,1.0,0.0
0.24817940772866975,0.1584940181913877,1.0,0.0
0.24817940772866975,0.161859016681342,1.0,0.0
0.24817940772866975,0.16522401517129634,1.0,0.0
0.24817940772866975,0.16858901366125065,1.0,0.0
0.24817940772866975,0.17195401215120498,1.0,0.0
0.24817940772866975,0.17531901064115932,1.0,0.0
0.24817940772866975,0.17868400913111362,1.0,0.0
0.24817940772866975,0.18204900762106796,1.0,0.0
0.24817940772866975,0.18541400611102227,1.0,0.0
0.24817940772866975,0.1887790046009766,1.0,0.0
0.25154440621862406,0.050814066512849296,1.0,0.0
0.25154440621862406,0.05417906500280362,1.0,0.0
0.25154440621862406,0.057544063492757945,1.0,0.0
0.25154440621862406,0.06090906198271227,1.0,0.0
0.25154440621862406,0.0642740604726666,1.0,0.0
0.25154440621862406,0.06763905896262092,1.0,0.0
0.25154440621862406,0.07100405745257524,1.0,0.0
0.25154440621862406,0.07436905594252957,1.0,0.0
0.25154440621862406,0.07773405443248389,1.0,0.0
0.25154440621862406,0.08109905292243821,1.0,0.0
0.25154440621862406,0.08446405141239255,1.0,0.0
0.25154440621862406,0.08782904990234687,1.0,0.0
0.25154440621862406,0.09119404839230119,1.0,0.0
0.25154440621862406,0.09455904688225551,1.0,0.0
0.25154440621862406,0.09792404537220983,1.0,0.0
0.25154440621862406,0.10128904386216417,1.0,0.0
0.25154440621862406,0.10465404235211849,1.0,0.0
0.25154440621862406,0.10801904084207281,1.0,0.0
0.25154440621862406,0.11138403933202715,1.0,0.0
0.25154440621862406,0.11474903782198147,1.0,0.0
0.25154440621862406,0.11811403631193579,1.0,0.0
0.25154440621862406,0.12147903480189011,1.0,0.0
0.25154440621862406,0.12484403329184443,1.0,0.0
0.25154440621862406,0.12820903178179877,1.0,0.0
0.25154440621862406,0.13157403027175307,1.0,0.0
0.25154440621862406,0.1349390287617074,1.0,0.0
0.25154440621862406,0.13830402725166174,1.0,0.0
0.25154440621862406,0.14166902574161605,1.0,0.0
0.25154440621862406,0.14503402423157039,1.0,0.0
0.25154440621862406,0.14839902272152472,1.0,0.0
0.25154440621862406,0.15176402121147903,1.0,0.0
0.25154440621862406,0.15512901970143336,1.0,0.0
0.25154440621862406,0.1584940181913877,1.0,0.0
0.25154440621862406,0.161859016681342,1.0,0.0
0.25154440621862406,0.16522401517129634,1.0,0.0
0.25154440621862406,0.16858901366125065,1.0,0.0
0.25154440621862406,0.17195401215120498,1.0,0.0
0.25154440621862406,0.17531901064115932,1.0,0.0
0.25154440621862406,0.17868400913111362,1.0,0.0
0.25154440621862406,0.18204900762106796,1.0,0.0
0.25154440621862406,0.18541400611102227,1.0,0.0
0.25154440621862406,0.1887790046009766,1.0,0.0
0.25154440621862406,0.19214400309093094,1.0,0.0
0.25154440621862406,0.19550900158088524,1.0,0.0
0.25490940470857837,0.050814066512849296,1.0,0.0
0.25490940470857837,0.05417906500280362,1.0,0.0
0.25490940470857837,0.057544063492757945,1.0,0.0
0.25490940470857837,0.06090906198271227,1.0,0.0
0.25490940470857837,0.0642740604726666,1.0,0.0
0.25490940470857837,0.06763905896262092,1.0,0.0
0.25490940470857837,0.07100405745257524,1.0,0.0
0.25490940470857837,0.07436905594252957,1.0,0.0
0.25490940470857837,0.07773405443248389,1.0,0.0
0.25490940470857837,0.08109905292243821,1.0,0.0
0.25490940470857837,0.08446405141239255,1.0,0.0
0.25490940470857837,0.08782904990234687,1.0,0.0
0.25490940470857837,0.09119404839230119,1.0,0.0
0.25490940470857837,0.09455904688225551,1.0,0.0
0.25490940470857837,0.09792404537220983,1.0,0.0
0.25490940470857837,0.10128904386216417,1.0,0.0
0.25490940470857837,0.10465404235211849,1.0,0.0
0.25490940470857837,0.10801904084207281,1.0,0.0
0.25490940470857837,0.11138403933202715,1.0,0.0
0.25490940470857837,0.11474903782198147,1.0,0.0
0.25490940470857837,0.11811403631193579,1.0,0.0
0.25490940470857837,0.12147903480189011,1.0,0.0
0.25490940470857837,0.12484403329184443,1.0,0.0
0.25490940470857837,0.12820903178179877,1.0,0.0
0.25490940470857837,0.13157403027175307,1.0,0.0
0.25490940470857837,0.1349390287617074,1.0,0.0
0.25490940470857837,0.13830402725166174,1.0,0.0
0.25490940470857837,0.14166902574161605,1.0,0.0
0.25490940470857837,0.14503402423157039,1.0,0.0
0.25490940470857837,0.14839902272152472,1.0,0.0
0.25490940470857837,0.15176402121147903,1.0,0.0
0.25490940470857837,0.15512901970143336,1.0,0.0
0.25490940470857837,0.1584940181913877,1.0,0.0
0.25490940470857837,0.161859016681342,1.0,0.0
0.25490940470857837,0.16522401517129634,1.0,0.0
0.25490940470857837,0.16858901366125065,1.0,0.0
0.25490940470857837,0.17195401215120498,1.0,0.0
0.25490940470857837,0.17531901064115932,1.0,0.0
0.25490940470857837,0.17868400913111362,1.0,0.0
0.25490940470857837,0.18204900762106796,1.0,0.0
0.25490940470857837,0.18541400611102227,1.0,0.0
0.25490940470857837,0.1887790046009766,1.0,0.0
0.25490940470857837,0.19214400309093094,1.0,0.0
0.25490940470857837,0.19550900158088524,1.0,0.0
0.25490940470857837,0.19887400007083958,1.0,0.0
0.25827440319853273,0.05417906500280362,1.0,0.0
0.25827440319853273,0.057544063492757945,1.0,0.0
0.25827440319853273,0.06090906198271227,1.0,0.0
0.25827440319853273,0.0642740604726666,1.0,0.0
0.25827440319853273,0.06763905896262092,1.0,0.0
0.25827440319853273,0.07100405745257524,1.0,0.0
0.25827440319853273,0.07436905594252957,1.0,0.0
0.25827440319853273,0.07773405443248389,1.0,0.0
0.25827440319853273,0.08109905292243821,1.0,0.0
0.25827440319853273,0.08446405141239255,1.0,0.0
0.25827440319853273,0.08782904990234687,1.0,0.0
0.25827440319853273,0.09119404839230119,1.0,0.0
0.25827440319853273,0.09455904688225551,1.0,0.0
0.25827440319853273,0.09792404537220983,1.0,0.0
0.25827440319853273,0.10128904386216417,1.0,0.0
0.25827440319853273,0.10465404235211849,1.0,0.0
0.25827440319853273,0.10801904084207281,1.0,0.0
0.25827440319853273,0.11138403933202715,1.0,0.0
0.25827440319853273,0.11474903782198147,1.0,0.0
0.25827440319853273,0.11811403631193579,1.0,0.0
0.25827440319853273,0.12147903480189011,1.0,0.0
0.25827440319853273,0.12484403329184443,1.0,0.0
0.25827440319853273,0.12820903178179877,1.0,0.0
0.25827440319853273,0.13157403027175307,1.0,0.0
0.25827440319853273,0.1349390287617074,1.0,0.0
0.25827440319853273,0.13830402725166174,1.0,0.0
0.25827440319853273,0.14166902574161605,1.0,0.0
0.25827440319853273,0.14503402423157039,1.0,0.0
0.25827440319853273,0.14839902272152472,1.0,0.0
0.25827440319853273,0.15176402121147903,1.0,0.0
0.25827440319853273,0.15512901970143336,1.0,0.0
0.25827440319853273,0.1584940181913877,1.0,0.0
0.25827440319853273,0.161859016681342,1.0,0.0
0.25827440319853273,0.16522401517129634,1.0,0.0
0.25827440319853273,0.16858901366125065,1.0,0.0
0.25827440319853273,0.17195401215120498,1.0,0.0
0.25827440319853273,0.17531901064115932,1.0,0.0
0.25827440319853273,0.17868400913111362,1.0,0.0
0.25827440319853273,0.18204900762106796,1.0,0.0
0.25827440319853273,0.18541400611102227,1.0,0.0
0.25827440319853273,0.1887790046009766,1.0,0.0
0.25827440319853273,0.19214400309093094,1.0,0.0
0.25827440319853273,0.19550900158088524,1.0,0.0
0.25827440319853273,0.19887400007083958,1.0,0.0
0.25827440319853273,0.20223899856079391,1.0,0.0
0.25827440319853273,0.20560399705074822,1.0,0.0
0.26163940168848704,0.05417906500280362,1.0,0.0
0.26163940168848704,0.057544063492757945,1.0,0.0
0.26163940168848704,0.06090906198271227,1.0,0.0
0.26163940168848704,0.0642740604726666,1.0,0.0
0.26163940168848704,0.06763905896262092,1.0,0.0
0.26163940168848704,0.07100405745257524,1.0,0.0
0.26163940168848704,0.07436905594252957,1.0,0.0
0.26163940168848704,0.07773405443248389,1.0,0.0
0.26163940168848704,0.08109905292243821,1.0,0.0
0.26163940168848704,0.08446405141239255,1.0,0.0
0.26163940168848704,0.08782904990234687,1.0,0.0
0.26163940168848704,0.09119404839230119,1.0,0.0
0.26163940168848704,0.09455904688225551,1.0,0.0
0.26163940168848704,0.09792404537220983,1.0,0.0
0.26163940168848704,0.10128904386216417,1.0,0.0
0.26163940168848704,0.10465404235211849,1.0,0.0
0.26163940168848704,0.10801904084207281,1.0,0.0
0.26163940168848704,0.11138403933202715,1.0,0.0
0.26163940168848704,0.11474903782198147,1.0,0.0
0.26163940168848704,0.11811403631193579,1.0,0.0
0.26163940168848704,0.12147903480189011,1.0,0.0
0.26163940168848704,0.12484403329184443,1.0,0.0
0.26163940168848704,0.12820903178179877,1.0,0.0
0.26163940168848704,0.13157403027175307,1.0,0.0
0.26163940168848704,0.1349390287617074,1.0,0.0
0.26163940168848704,0.13830402725166174,1.0,0.0
0.26163940168848704,0.14166902574161605,1.0,0.0
0.26163940168848704,0.14503402423157039,1.0,0.0
0.26163940168848704,0.14839902272152472,1.0,0.0
0.26163940168848704,0.15176402121147903,1.0,0.0
0.26163940168848704,0.15512901970143336,1.0,0.0
0.26163940168848704,0.1584940181913877,1.0,0.0
0.26163940168848704,0.161859016681342,1.0,0.0
0.26163940168848704,0.16522401517129634,1.0,0.0
0.26163940168848704,0.16858901366125065,1.0,0.0
0.26163940168848704,0.17195401215120498,1.0,0.0
0.26163940168848704,0.17531901064115932,1.0,0.0
0.26163940168848704,0.17868400913111362,1.0,0.0
0.26163940168848704,0.18204900762106796,1.0,0.0
0.26163940168848704,0.18541400611102227,1.0,0.0
0.26163940168848704,0.1887790046009766,1.0,0.0
0.26163940168848704,0.19214400309093094,1.0,0.0
0.26163940168848704,0.19550900158088524,1.0,0.0
0.26163940168848704,0.19887400007083958,1.0,0.0
0.26163940168848704,0.20223899856079391,1.0,0.0
0.26163940168848704,0.20560399705074822,1.0,0.0
0.2650044001784414,0.05417906500280362,1.0,0.0
0.2650044001784414,0.057544063492757945,1.0,0.0
0.2650044001784414,0.06090906198271227,1.0,0.0
0.2650044001784414,0.0642740604726666,1.0,0.0
0.2650044001784414,0.06763905896262092,1.0,0.0
0.2650044001784414,0.07100405745257524,1.0,0.0
0.2650044001784414,0.07436905594252957,1.0,0.0
0.2650044001784414,0.07773405443248389,1.0,0.0
0.2650044001784414,0.08109905292243821,1.0,0.0
0.2650044001784414,0.08446405141239255,1.0,0.0
0.2650044001784414,0.08782904990234687,1.0,0.0
0.2650044001784414,0.09119404839230119,1.0,0.0
0.2650044001784414,0.09455904688225551,1.0,0.0
0.2650044001784414,0.09792404537220983,1.0,0.0
0.2650044001784414,0.10128904386216417,1.0,0.0
0.2650044001784414,0.10465404235211849,1.0,0.0
0.2650044001784414,0.10801904084207281,1.0,0.0
0.2650044001784414,0.11138403933202715,1.0,0.0
0.2650044001784414,0.11474903782198147,1.0,0.0
0.2650044001784414,0.11811403631193579,1.0,0.0
0.2650044001784414,0.12147903480189011,1.0,0.0
0.2650044001784414,0.12484403329184443,1.0,0.0
0.2650044001784414,0.12820903178179877,1.0,0.0
0.2650044001784414,0.13157403027175307,1.0,0.0
0.2650044001784414,0.1349390287617074,1.0,0.0
0.2650044001784414,0.13830402725166174,1.0,0.0
0.2650044001784414,0.14166902574161605,1.0,0.0
0.2650044001784414,0.14503402423157039,1.0,0.0
0.2650044001784414,0.14839902272152472,1.0,0.0
0.2650044001784414,0.15176402121147903,1.0,0.0
0.2650044001784414,0.15512901970143336,1.0,0.0
0.2650044001784414,0.1584940181913877,1.0,0.0
0.2650044001784414,0.161859016681342,1.0,0.0
0.2650044001784414,0.16522401517129634,1.0,0.0
0.2650044001784414,0.16858901366125065,1.0,0.0
0.2650044001784414,0.17195401215120498,1.0,0.0
0.2650044001784414,0.17531901064115932,1.0,0.0
0.2650044001784414,0.17868400913111362,1.0,0.0
0.2650044001784414,0.18204900762106796,1.0,0.0
0.2650044001784414,0.18541400611102227,1.0,0.0
0.2650044001784414,0.1887790046009766,1.0,0.0
0.2650044001784414,0.19214400309093094,1.0,0.0
0.2650044001784414,0.19550900158088524,1.0,0.0
0.2650044001784414,0.19887400007083958,1.0,0.0
0.2650044001784414,0.20223899856079391,1.0,0.0
0.2650044001784414,0.20560399705074822,1.0,0.0
0.2650044001784414,0.20896899554070256,1.0,0.0
0.2683693986683957,0.05417906500280362,1.0,0.0
0.2683693986683957,0.057544063492757945,1.0,0.0
0.2683693986683957,0.06090906198271227,1.0,0.0
0.2683693986683957,0.0642740604726666,1.0,0.0
0.2683693986683957,0.06763905896262092,1.0,0.0
0.2683693986683957,0.07100405745257524,1.0,0.0
0.2683693986683957,0.07436905594252957,1.0,0.0
0.2683693986683957,0.07773405443248389,1.0,0.0
0.2683693986683957,0.08109905292243821,1.0,0.0
0.2683693986683957,0.08446405141239255,1.0,0.0
0.2683693986683957,0.08782904990234687,1.0,0.0
0.2683693986683957,0.09119404839230119,1.0,0.0
0.2683693986683957,0.09455904688225551,1.0,0.0
0.2683693986683957,0.09792404537220983,1.0,0.0
0.2683693986683957,0.10128904386216417,1.0,0.0
0.2683693986683957,0.10465404235211849,1.0,0.0
0.2683693986683957,0.10801904084207281,1.0,0.0
0.2683693986683957,0.11138403933202715,1.0,0.0
0.2683693986683957,0.11474903782198147,1.0,0.0
0.2683693986683957,0.11811403631193579,1.0,0.0
0.2683693986683957,0.12147903480189011,1.0,0.0
0.2683693986683957,0.12484403329184443,1.0,0.0
0.2683693986683957,0.12820903178179877,1.0,0.0
0.2683693986683957,0.13157403027175307,1.0,0.0
0.2683693986683957,0.1349390287617074,1.0,0.0
0.2683693986683957,0.13830402725166174,1.0,0.0
0.2683693986683957,0.14166902574161605,1.0,0.0
0.2683693986683957,0.14503402423157039,1.0,0.0
0.2683693986683957,0.14839902272152472,1.0,0.0
0.2683693986683957,0.15176402121147903,1.0,0.0
0.2683693986683957,0.15512901970143336,1.0,0.0
0.2683693986683957,0.1584940181913877,1.0,0.0
0.2683693986683957,0.161859016681342,1.0,0.0
0.2683693986683957,0.16522401517129634,1.0,0.0
0.2683693986683957,0.16858901366125065,1.0,0.0
0.2683693986683957,0.17195401215120498,1.0,0.0
0.2683693986683957,0.17531901064115932,1.0,0.0
0.2683693986683957,0.17868400913111362,1.0,0.0
0.2683693986683957,0.18204900762106796,1.0,0.0
0.2683693986683957,0.18541400611102227,1.0,0.0
0.2683693986683957,0.1887790046009766,1.0,0.0
0.2683693986683957,0.19214400309093094,1.0,0.0
0.2683693986683957,0.19550900158088524,1.0,0.0
0.2683693986683957,0.19887400007083958,1.0,0.0
0.2683693986683957,0.20223899856079391,1.0,0.0
0.2683693986683957,0.20560399705074822,1.0,0.0
0.2683693986683957,0.20896899554070256,1.0,0.0
0.2683693986683957,0.2123339940306569,1.0,0.0
0.27173439715835,0.05417906500280362,1.0,0.0
0.27173439715835,0.057544063492757945,1.0,0.0
0.27173439715835,0.06090906198271227,1.0,0.0
0.27173439715835,0.0642740604726666,1.0,0.0
0.27173439715835,0.06763905896262092,1.0,0.0
0.27173439715835,0.07100405745257524,1.0,0.0
0.27173439715835,0.07436905594252957,1.0,0.0
0.27173439715835,0.07773405443248389,1.0,0.0
0.27173439715835,0.08109905292243821,1.0,0.0
0.27173439715835,0.08446405141239255,1.0,0.0
0.27173439715835,0.08782904990234687,1.0,0.0
0.27173439715835,0.09119404839230119,1.0,0.0
0.27173439715835,0.09455904688225551,1.0,0.0
0.27173439715835,0.09792404537220983,1.0,0.0
0.27173439715835,0.10128904386216417,1.0,0.0
0.27173439715835,0.10465404235211849,1.0,0.0
0.27173439715835,0.10801904084207281,1.0,0.0
0.27173439715835,0.11138403933202715,1.0,0.0
0.27173439715835,0.11474903782198147,1.0,0.0
0.27173439715835,0.11811403631193579,1.0,0.0
0.27173439715835,0.12147903480189011,1.0,0.0
0.27173439715835,0.12484403329184443,1.0,0.0
0.27173439715835,0.12820903178179877,1.0,0.0
0.27173439715835,0.13157403027175307,1.0,0.0
0.27173439715835,0.1349390287617074,1.0,0.0
0.27173439715835,0.13830402725166174,1.0,0.0
0.27173439715835,0.14166902574161605,1.0,0.0
0.27173439715835,0.14503402423157039,1.0,0.0
0.27173439715835,0.14839902272152472,1.0,0.0
0.27173439715835,0.15176402121147903,1.0,0.0
0.27173439715835,0.15512901970143336,1.0,0.0
0.27173439715835,0.1584940181913877,1.0,0.0
0.27173439715835,0.161859016681342,1.0,0.0
0.27173439715835,0.16522401517129634,1.0,0.0
0.27173439715835,0.16858901366125065,1.0,0.0
0.27173439715835,0.17195401215120498,1.0,0.0
0.27173439715835,0.17531901064115932,1.0,0.0
0.27173439715835,0.17868400913111362,1.0,0.0
0.27173439715835,0.18204900762106796,1.0,0.0
0.27173439715835,0.18541400611102227,1.0,0.0
0.27173439715835,0.1887790046009766,1.0,0.0
0.27173439715835,0.19214400309093094,1.0,0.0
0.27173439715835,0.19550900158088524,1.0,0.0
0.27173439715835,0.19887400007083958,1.0,0.0
0.27173439715835,0.20223899856079391,1.0,0.0
0.27173439715835,0.20560399705074822,1.0,0.0
0.27173439715835,0.20896899554070256,1.0,0.0
0.27173439715835,0.2123339940306569,1.0,0.0
0.27173439715835,0.2156989925206112,1.0,0.0
0.2750993956483044,0.05417906500280362,1.0,0.0
0.2750993956483044,0.057544063492757945,1.0,0.0
0.2750993956483044,0.06090906198271227,1.0,0.0
0.2750993956483044,0.0642740604726666,1.0,0.0
0.2750993956483044,0.06763905896262092,1.0,0.0
0.2750993956483044,0.07100405745257524,1.0,0.0
0.2750993956483044,0.07436905594252957,1.0,0.0
0.2750993956483044,0.07773405443248389,1.0,0.0
0.2750993956483044,0.08109905292243821,1.0,0.0
0.2750993956483044,0.08446405141239255,1.0,0.0
0.2750993956483044,0.08782904990234687,1.0,0.0
0.2750993956483044,0.09119404839230119,1.0,0.0
0.2750993956483044,0.09455904688225551,1.0,0.0
0.2750993956483044,0.09792404537220983,1.0,0.0
0.2750993956483044,0.10128904386216417,1.0,0.0
0.2750993956483044,0.10465404235211849,1.0,0.0
0.2750993956483044,0.10801904084207281,1.0,0.0
0.2750993956483044,0.11138403933202715,1.0,0.0
0.2750993956483044,0.11474903782198147,1.0,0.0
0.2750993956483044,0.11811403631193579,1.0,0.0
0.2750993956483044,0.12147903480189011,1.0,0.0
0.2750993956483044,0.12484403329184443,1.0,0.0
0.2750993956483044,0.12820903178179877,1.0,0.0
0.2750993956483044,0.13157403027175307,1.0,0.0
0.2750993956483044,0.1349390287617074,1.0,0.0
0.2750993956483044,0.13830402725166174,1.0,0.0
0.2750993956483044,0.14166902574161605,1.0,0.0
0.2750993956483044,0.14503402423157039,1.0,0.0
0.2750993956483044,0.14839902272152472,1.0,0.0
0.2750993956483044,0.15176402121147903,1.0,0.0
0.2750993956483044,0.15512901970143336,1.0,0.0
0.2750993956483044,0.1584940181913877,1.0,0.0
0.2750993956483044,0.161859016681342,1.0,0.0
0.2750993956483044,0.16522401517129634,1.0,0.0
0.2750993956483044,0.16858901366125065,1.0,0.0
0.2750993956483044,0.17195401215120498,1.0,0.0
0.2750993956483044,0.17531901064115932,1.0,0.0
0.2750993956483044,0.17868400913111362,1.0,0.0
0.2750993956483044,0.18204900762106796,1.0,0.0
0.2750993956483044,0.18541400611102227,1.0,0.0
0.2750993956483044,0.1887790046009766,1.0,0.0
0.2750993956483044,0.19214400309093094,1.0,0.0
0.2750993956483044,0.19550900158088524,1.0,0.0
0.2750993956483044,0.19887400007083958,1.0,0.0
0.2750993956483044,0.20223899856079391,1.0,0.0
0.2750993956483044,0.20560399705074822,1.0,0.0
0.2750993956483044,0.20896899554070256,1.0,0.0
0.2750993956483044,0.2123339940306569,1.0,0.0
0.2750993956483044,0.2156989925206112,1.0,0.0
0.2784643941382587,0.05417906500280362,1.0,0.0
0.2784643941382587,0.057544063492757945,1.0,0.0
0.2784643941382587,0.06090906198271227,1.0,0.0
0.2784643941382587,0.0642740604726666,1.0,0.0
0.2784643941382587,0.06763905896262092,1.0,0.0
0.2784643941382587,0.07100405745257524,1.0,0.0
0.2784643941382587,0.07436905594252957,1.0,0.0
0.2784643941382587,0.07773405443248389,1.0,0.0
0.2784643941382587,0.08109905292243821,1.0,0.0
0.2784643941382587,0.08446405141239255,1.0,0.0
0.2784643941382587,0.08782904990234687,1.0,0.0
0.2784643941382587,0.09119404839230119,1.0,0.0
0.2784643941382587,0.09455904688225551,1.0,0.0
0.2784643941382587,0.09792404537220983,1.0,0.0
0.2784643941382587,0.10128904386216417,1.0,0.0
0.2784643941382587,0.10465404235211849,1.0,0.0
0.2784643941382587,0.10801904084207281,1.0,0.0
0.2784643941382587,0.11138403933202715,1.0,0.0
0.2784643941382587,0.11474903782198147,1.0,0.0
0.2784643941382587,0.11811403631193579,1.0,0.0
0.2784643941382587,0.12147903480189011,1.0,0.0
0.2784643941382587,0.12484403329184443,1.0,0.0
0.2784643941382587,0.12820903178179877,1.0,0.0
0.2784643941382587,0.13157403027175307,1.0,0.0
0.2784643941382587,0.1349390287617074,1.0,0.0
0.2784643941382587,0.13830402725166174,1.0,0.0
0.2784643941382587,0.14166902574161605,1.0,0.0
0.2784643941382587,0.14503402423157039,1.0,0.0
0.2784643941382587,0.14839902272152472,1.0,0.0
0.2784643941382587,0.15176402121147903,1.0,0.0
0.2784643941382587,0.15512901970143336,1.0,0.0
0.2784643941382587,0.1584940181913877,1.0,0.0
0.2784643941382587,0.161859016681342,1.0,0.0
0.2784643941382587,0.16522401517129634,1.0,0.0
0.2784643941382587,0.16858901366125065,1.0,0.0
0.2784643941382587,0.17195401215120498,1.0,0.0
0.2784643941382587,0.17531901064115932,1.0,0.0
0.2784643941382587,0.17868400913111362,1.0,0.0
0.2784643941382587,0.18204900762106796,1.0,0.0
0.2784643941382587,0.18541400611102227,1.0,0.0
0.2784643941382587,0.1887790046009766,1.0,0.0
0.2784643941382587,0.19214400309093094,1.0,0.0
0.2784643941382587,0.19550900158088524,1.0,0.0
0.2784643941382587,0.19887400007083958,1.0,0.0
0.2784643941382587,0.20223899856079391,1.0,0.0
0.2784643941382587,0.20560399705074822,1.0,0.0
0.2784643941382587,0.20896899554070256,1.0,0.0
0.2784643941382587,0.2123339940306569,1.0,0.0
0.2784643941382587,0.2156989925206112,1.0,0.0
0.2784643941382587,0.21906399101056553,1.0,0.0
0.28182939262821305,0.05417906500280362,1.0,0.0
0.28182939262821305,0.057544063492757945,1.0,0.0
0.28182939262821305,0.06090906198271227,1.0,0.0
0.28182939262821305,0.0642740604726666,1.0,0.0
0.28182939262821305,0.06763905896262092,1.0,0.0
0.28182939262821305,0.07100405745257524,1.0,0.0
0.28182939262821305,0.07436905594252957,1.0,0.0
0.28182939262821305,0.07773405443248389,1.0,0.0
0.28182939262821305,0.08109905292243821,1.0,0.0
0.28182939262821305,0.08446405141239255,1.0,0.0
0.28182939262821305,0.08782904990234687,1.0,0.0
0.28182939262821305,0.09119404839230119,1.0,0.0
0.28182939262821305,0.09455904688225551,1.0,0.0
0.28182939262821305,0.09792404537220983,1.0,0.0
0.28182939262821305,0.10128904386216417,1.0,0.0
0.28182939262821305,0.10465404235211849,1.0,0.0
0.28182939262821305,0.10801904084207281,1.0,0.0
0.28182939262821305,0.11138403933202715,1.0,0.0
0.28182939262821305,0.11474903782198147,1.0,0.0
0.28182939262821305,0.11811403631193579,1.0,0.0
0.28182939262821305,0.12147903480189011,1.0,0.0
0.28182939262821305,0.12484403329184443,1.0,0.0
0.28182939262821305,0.12820903178179877,1.0,0.0
0.28182939262821305,0.13157403027175307,1.0,0.0
0.28182939262821305,0.1349390287617074,1.0,0.0
0.28182939262821305,0.13830402725166174,1.0,0.0
0.28182939262821305,0.14166902574161605,1.0,0.0
0.28182939262821305,0.14503402423157039,1.0,0.0
0.28182939262821305,0.14839902272152472,1.0,0.0
0.28182939262821305,0.15176402121147903,1.0,0.0
0.28182939262821305,0.15512901970143336,1.0,0.0
0.28182939262821305,0.1584940181913877,1.0,0.0
0.28182939262821305,0.161859016681342,1.0,0.0
0.28182939262821305,0.16522401517129634,1.0,0.0
0.28182939262821305,0.16858901366125065,1.0,0.0
0.28182939262821305,0.17195401215120498,1.0,0.0
0.28182939262821305,0.17531901064115932,1.0,0.0
0.28182939262821305,0.17868400913111362,1.0,0.0
0.28182939262821305,0.18204900762106796,1.0,0.0
0.28182939262821305,0.18541400611102227,1.0,0.0
0.28182939262821305,0.1887790046009766,1.0,0.0
0.28182939262821305,0.19214400309093094,1.0,0.0
0.28182939262821305,0.19550900158088524,1.0,0.0
0.28182939262821305,0.19887400007083958,1.0,0.0
0.28182939262821305,0.20223899856079391,1.0,0.0
0.28182939262821305,0.20560399705074822,1.0,0.0
0.28182939262821305,0.20896899554070256,1.0,0.0
0.28182939262821305,0.2123339940306569,1.0,0.0
0.28182939262821305,0.2156989925206112,1.0,0.0
0.28182939262821305,0.21906399101056553,1.0,0.0
0.28519439111816736,0.05417906500280362,1.0,0.0
0.28519439111816736,0.057544063492757945,1.0,0.0
0.28519439111816736,0.06090906198271227,1.0,0.0
0.28519439111816736,0.0642740604726666,1.0,0.0
0.28519439111816736,0.06763905896262092,1.0,0.0
0.28519439111816736,0.07100405745257524,1.0,0.0
0.28519439111816736,0.07436905594252957,1.0,0.0
0.28519439111816736,0.07773405443248389,1.0,0.0
0.28519439111816736,0.08109905292243821,1.0,0.0
0.28519439111816736,0.08446405141239255,1.0,0.0
0.28519439111816736,0.08782904990234687,1.0,0.0
0.28519439111816736,0.09119404839230119,1.0,0.0
0.28519439111816736,0.09455904688225551,1.0,0.0
0.28519439111816736,0.09792404537220983,1.0,0.0
0.28519439111816736,0.10128904386216417,1.0,0.0
0.28519439111816736,0.10465404235211849,1.0,0.0
0.28519439111816736,0.10801904084207281,1.0,0.0
0.28519439111816736,0.11138403933202715,1.0,0.0
0.28519439111816736,0.11474903782198147,1.0,0.0
0.28519439111816736,0.11811403631193579,1.0,0.0
0.28519439111816736,0.12147903480189011,1.0,0.0
0.28519439111816736,0.12484403329184443,1.0,0.0
0.28519439111816736,0.12820903178179877,1.0,0.0
0.28519439111816736,0.13157403027175307,1.0,0.0
0.28519439111816736,0.1349390287617074,1.0,0.0
0.28519439111816736,0.13830402725166174,1.0,0.0
0.28519439111816736,0.14166902574161605,1.0,0.0
0.28519439111816736,0.14503402423157039,1.0,0.0
0.28519439111816736,0.14839902272152472,1.0,0.0
0.28519439111816736,0.15176402121147903,1.0,0.0
0.28519439111816736,0.15512901970143336,1.0,0.0
0.28519439111816736,0.1584940181913877,1.0,0.0
0.28519439111816736,0.161859016681342,1.0,0.0
0.28519439111816736,0.16522401517129634,1.0,0.0
0.28519439111816736,0.16858901366125065,1.0,0.0
0.28519439111816736,0.17195401215120498,1.0,0.0
0.28519439111816736,0.17531901064115932,1.0,0.0
0.28519439111816736,0.17868400913111362,1.0,0.0
0.28519439111816736,0.18204900762106796,1.0,0.0
0.28519439111816736,0.18541400611102227,1.0,0.0
0.28519439111816736,0.1887790046009766,1.0,0.0
0.28519439111816736,0.19214400309093094,1.0,0.0
0.28519439111816736,0.19550900158088524,1.0,0.0
0.28519439111816736,0.19887400007083958,1.0,0.0
0.28519439111816736,0.20223899856079391,1.0,0.0
0.28519439111816736,0.20560399705074822,1.0,0.0
0.28519439111816736,0.20896899554070256,1.0,0.0
0.28519439111816736,0.2123339940306569,1.0,0.0
0.28519439111816736,0.2156989925206112,1.0,0.0
0.28519439111816736,0.21906399101056553,1.0,0.0
0.28855938960812166,0.050814066512849296,1.0,0.0
0.28855938960812166,0.05417906500280362,1.0,0.0
0.28855938960812166,0.057544063492757945,1.0,0.0
0.28855938960812166,0.06090906198271227,1.0,0.0
0.28855938960812166,0.0642740604726666,1.0,0.0
0.28855938960812166,0.06763905896262092,1.0,0.0
0.28855938960812166,0.07100405745257524,1.0,0.0
0.28855938960812166,0.07436905594252957,1.0,0.0
0.28855938960812166,0.07773405443248389,1.0,0.0
0.28855938960812166,0.08109905292243821,1.0,0.0
0.28855938960812166,0.08446405141239255,1.0,0.0
0.28855938960812166,0.08782904990234687,1.0,0.0
0.28855938960812166,0.09119404839230119,1.0,0.0
0.28855938960812166,0.09455904688225551,1.0,0.0
0.28855938960812166,0.09792404537220983,1.0,0.0
0.28855938960812166,0.10128904386216417,1.0,0.0
0.28855938960812166,0.10465404235211849,1.0,0.0
0.28855938960812166,0.10801904084207281,1.0,0.0
0.28855938960812166,0.11138403933202715,1.0,0.0
0.28855938960812166,0.11474903782198147,1.0,0.0
0.28855938960812166,0.11811403631193579,1.0,0.0
0.28855938960812166,0.12147903480189011,1.0,0.0
0.28855938960812166,0.12484403329184443,1.0,0.0
0.28855938960812166,0.12820903178179877,1.0,0.0
0.28855938960812166,0.13157403027175307,1.0,0.0
0.28855938960812166,0.1349390287617074,1.0,0.0
0.28855938960812166,0.13830402725166174,1.0,0.0
0.28855938960812166,0.14166902574161605,1.0,0.0
0.28855938960812166,0.14503402423157039,1.0,0.0
0.28855938960812166,0.14839902272152472,1.0,0.0
0.28855938960812166,0.15176402121147903,1.0,0.0
0.28855938960812166,0.15512901970143336,1.0,0.0
0.28855938960812166,0.1584940181913877,1.0,0.0
0.28855938960812166,0.161859016681342,1.0,0.0
0.28855938960812166,0.16522401517129634,1.0,0.0
0.28855938960812166,0.16858901366125065,1.0,0.0
0.28855938960812166,0.17195401215120498,1.0,0.0
0.28855938960812166,0.17531901064115932,1.0,0.0
0.28855938960812166,0.17868400913111362,1.0,0.0
0.28855938960812166,0.18204900762106796,1.0,0.0
0.28855938960812166,0.18541400611102227,1.0,0.0
0.28855938960812166,0.1887790046009766,1.0,0.0
0.28855938960812166,0.19214400309093094,1.0,0.0
0.28855938960812166,0.19550900158088524,1.0,0.0
0.28855938960812166,0.19887400007083958,1.0,0.0
0.28855938960812166,0.20223899856079391,1.0,0.0
0.28855938960812166,0.20560399705074822,1.0,0.0
0.28855938960812166,0.20896899554070256,1.0,0.0
0.28855938960812166,0.2123339940306569,1.0,0.0
0.28855938960812166,0.2156989925206112,1.0,0.0
0.28855938960812166,0.21906399101056553,1.0,0.0
0.28855938960812166,0.22242898950051984,1.0,0.0
0.291924388098076,0.050814066512849296,1.0,0.0
0.291924388098076,0.05417906500280362,1.0,0.0
0.291924388098076,0.057544063492757945,1.0,0.0
0.291924388098076,0.06090906198271227,1.0,0.0
0.291924388098076,0.0642740604726666,1.0,0.0
0.291924388098076,0.06763905896262092,1.0,0.0
0.291924388098076,0.07100405745257524,1.0,0.0
0.291924388098076,0.07436905594252957,1.0,0.0
0.291924388098076,0.07773405443248389,1.0,0.0
0.291924388098076,0.08109905292243821,1.0,0.0
0.291924388098076,0.08446405141239255,1.0,0.0
0.291924388098076,0.08782904990234687,1.0,0.0
0.291924388098076,0.09119404839230119,1.0,0.0
0.291924388098076,0.09455904688225551,1.0,0.0
0.291924388098076,0.09792404537220983,1.0,0.0
0.291924388098076,0.10128904386216417,1.0,0.0
0.291924388098076,0.10465404235211849,1.0,0.0
0.291924388098076,0.10801904084207281,1.0,0.0
0.291924388098076,0.11138403933202715,1.0,0.0
0.291924388098076,0.11474903782198147,1.0,0.0
0.291924388098076,0.11811403631193579,1.0,0.0
0.291924388098076,0.12147903480189011,1.0,0.0
0.291924388098076,0.12484403329184443,1.0,0.0
0.291924388098076,0.12820903178179877,1.0,0.0
0.291924388098076,0.13157403027175307,1.0,0.0
0.291924388098076,0.1349390287617074,1.0,0.0
0.291924388098076,0.13830402725166174,1.0,0.0
0.291924388098076,0.14166902574161605,1.0,0.0
0.291924388098076,0.14503402423157039,1.0,0.0
0.291924388098076,0.14839902272152472,1.0,0.0
0.291924388098076,0.15176402121147903,1.0,0.0
0.291924388098076,0.15512901970143336,1.0,0.0
0.291924388098076,0.1584940181913877,1.0,0.0
0.291924388098076,0.161859016681342,1.0,0.0
0.291924388098076,0.16522401517129634,1.0,0.0
0.291924388098076,0.16858901366125065,1.0,0.0
0.291924388098076,0.17195401215120498,1.0,0.0
0.291924388098076,0.17531901064115932,1.0,0.0
0.291924388098076,0.17868400913111362,1.0,0.0
0.291924388098076,0.18204900762106796,1.0,0.0
0.291924388098076,0.18541400611102227,1.0,0.0
0.291924388098076,0.1887790046009766,1.0,0.0
0.291924388098076,0.19214400309093094,1.0,0.0
0.291924388098076,0.19550900158088524,1.0,0.0
0.291924388098076,0.19887400007083958,1.0,0.0
0.291924388098076,0.20223899856079391,1.0,0.0
0.291924388098076,0.20560399705074822,1.0,0.0
0.291924388098076,0.20896899554070256,1.0,0.0
0.291924388098076,0.2123339940306569,1.0,0.0
0.291924388098076,0.2156989925206112,1.0,0.0
0.291924388098076,0.21906399101056553,1.0,0.0
0.291924388098076,0.22242898950051984,1.0,0.0
0.29528938658803033,0.050814066512849296,1.0,0.0
0.29528938658803033,0.05417906500280362,1.0,0.0
0.29528938658803033,0.057544063492757945,1.0,0.0
0.29528938658803033,0.06090906198271227,1.0,0.0
0.29528938658803033,0.0642740604726666,1.0,0.0
0.29528938658803033,0.06763905896262092,1.0,0.0
0.29528938658803033,0.07100405745257524,1.0,0.0
0.29528938658803033,0.07436905594252957,1.0,0.0
0.29528938658803033,0.07773405443248389,1.0,0.0
0.29528938658803033,0.08109905292243821,1.0,0.0
0.29528938658803033,0.08446405141239255,1.0,0.0
0.29528938658803033,0.08782904990234687,1.0,0.0
0.29528938658803033,0.09119404839230119,1.0,0.0
0.29528938658803033,0.09455904688225551,1.0,0.0
0.29528938658803033,0.09792404537220983,1.0,0.0
0.29528938658803033,0.10128904386216417,1.0,0.0
0.29528938658803033,0.10465404235211849,1.0,0.0
0.29528938658803033,0.10801904084207281,1.0,0.0
0.29528938658803033,0.11138403933202715,1.0,0.0
0.29528938658803033,0.11474903782198147,1.0,0.0
0.29528938658803033,0.11811403631193579,1.0,0.0
0.29528938658803033,0.12147903480189011,1.0,0.0
0.29528938658803033,0.12484403329184443,1.0,0.0
0.29528938658803033,0.12820903178179877,1.0,0.0
0.29528938658803033,0.13157403027175307,1.0,0.0
0.29528938658803033,0.1349390287617074,1.0,0.0
0.29528938658803033,0.13830402725166174,1.0,0.0
0.29528938658803033,0.14166902574161605,1.0,0.0
0.29528938658803033,0.14503402423157039,1.0,0.0
0.29528938658803033,0.14839902272152472,1.0,0.0
0.29528938658803033,0.15176402121147903,1.0,0.0
0.29528938658803033,0.15512901970143336,1.0,0.0
0.29528938658803033,0.1584940181913877,1.0,0.0
0.29528938658803033,0.161859016681342,1.0,0.0
0.29528938658803033,0.16522401517129634,1.0,0.0
0.29528938658803033,0.16858901366125065,1.0,0.0
0.29528938658803033,0.17195401215120498,1.0,0.0
0.29528938658803033,0.17531901064115932,1.0,0.0
0.29528938658803033,0.17868400913111362,1.0,0.0
0.29528938658803033,0.18204900762106796,1.0,0.0
0.29528938658803033,0.18541400611102227,1.0,0.0
0.29528938658803033,0.1887790046009766,1.0,0.0
0.29528938658803033,0.19214400309093094,1.0,0.0
0.29528938658803033,0.19550900158088524,1.0,0.0
0.29528938658803033,0.19887400007083958,1.0,0.0
0.29528938658803033,0.20223899856079391,1.0,0.0
0.29528938658803033,0.20560399705074822,1.0,0.0
0.29528938658803033,0.20896899554070256,1.0,0.0
0.29528938658803033,0.2123339940306569,1.0,0.0
0.29528938658803033,0.2156989925206112,1.0,0.0
0.29528938658803033,0.21906399101056553,1.0,0.0
0.29528938658803033,0.22242898950051984,1.0,0.0
0.29865438507798464,0.050814066512849296,1.0,0.0
0.29865438507798464,0.05417906500280362,1.0,0.0
0.29865438507798464,0.057544063492757945,1.0,0.0
0.29865438507798464,0.06090906198271227,1.0,0.0
0.29865438507798464,0.0642740604726666,1.0,0.0
0.29865438507798464,0.06763905896262092,1.0,0.0
0.29865438507798464,0.07100405745257524,1.0,0.0
0.29865438507798464,0.07436905594252957,1.0,0.0
0.29865438507798464,0.07773405443248389,1.0,0.0
0.29865438507798464,0.08109905292243821,1.0,0.0
0.29865438507798464,0.08446405141239255,1.0,0.0
0.29865438507798464,0.08782904990234687,1.0,0.0
0.29865438507798464,0.09119404839230119,1.0,0.0
0.29865438507798464,0.09455904688225551,1.0,0.0
0.29865438507798464,0.09792404537220983,1.0,0.0
0.29865438507798464,0.10128904386216417,1.0,0.0
0.29865438507798464,0.10465404235211849,1.0,0.0
0.29865438507798464,0.10801904084207281,1.0,0.0
0.29865438507798464,0.11138403933202715,1.0,0.0
0.29865438507798464,0.11474903782198147,1.0,0.0
0.29865438507798464,0.11811403631193579,1.0,0.0
0.29865438507798464,0.12147903480189011,1.0,0.0
0.29865438507798464,0.12484403329184443,1.0,0.0
0.29865438507798464,0.12820903178179877,1.0,0.0
0.29865438507798464,0.13157403027175307,1.0,0.0
0.29865438507798464,0.1349390287617074,1.0,0.0
0.29865438507798464,0.13830402725166174,1.0,0.0
0.29865438507798464,0.14166902574161605,1.0,0.0
0.29865438507798464,0.14503402423157039,1.0,0.0
0.29865438507798464,0.14839902272152472,1.0,0.0
0.29865438507798464,0.15176402121147903,1.0,0.0
0.29865438507798464,0.15512901970143336,1.0,0.0
0.29865438507798464,0.1584940181913877,1.0,0.0
0.29865438507798464,0.161859016681342,1.0,0.0
0.29865438507798464,0.16522401517129634,1.0,0.0
0.29865438507798464,0.16858901366125065,1.0,0.0
0.29865438507798464,0.17195401215120498,1.0,0.0
0.29865438507798464,0.17531901064115932,1.0,0.0
0.29865438507798464,0.17868400913111362,1.0,0.0
0.29865438507798464,0.18204900762106796,1.0,0.0
0.29865438507798464,0.18541400611102227,1.0,0.0
0.29865438507798464,0.1887790046009766,1.0,0.0
0.29865438507798464,0.19214400309093094,1.0,0.0
0.29865438507798464,0.19550900158088524,1.0,0.0
0.29865438507798464,0.19887400007083958,1.0,0.0
0.29865438507798464,0.20223899856079391,1.0,0.0
0.29865438507798464,0.20560399705074822,1.0,0.0
0.29865438507798464,0.20896899554070256,1.0,0.0
0.29865438507798464,0.2123339940306569,1.0,0.0
0.29865438507798464,0.2156989925206112,1.0,0.0
0.29865438507798464,0.21906399101056553,1.0,0.0
0.29865438507798464,0.22242898950051984,1.0,0.0
0.302019383567939,0.044084069532940647,1.0,0.0
0.302019383567939,0.047449068022894975,1.0,0.0
0.302019383567939,0.050814066512849296,1.0,0.0
0.302019383567939,0.05417906500280362,1.0,0.0
0.302019383567939,0.057544063492757945,1.0,0.0
0.302019383567939,0.06090906198271227,1.0,0.0
0.302019383567939,0.0642740604726666,1.0,0.0
0.302019383567939,0.06763905896262092,1.0,0.0
0.302019383567939,0.07100405745257524,1.0,0.0
0.302019383567939,0.07436905594252957,1.0,0.0
0.302019383567939,0.07773405443248389,1.0,0.0
0.302019383567939,0.08109905292243821,1.0,0.0
0.302019383567939,0.08446405141239255,1.0,0.0
0.302019383567939,0.08782904990234687,1.0,0.0
0.302019383567939,0.09119404839230119,1.0,0.0
0.302019383567939,0.09455904688225551,1.0,0.0
0.302019383567939,0.09792404537220983,1.0,0.0
0.302019383567939,0.10128904386216417,1.0,0.0
0.302019383567939,0.10465404235211849,1.0,0.0
0.302019383567939,0.10801904084207281,1.0,0.0
0.302019383567939,0.11138403933202715,1.0,0.0
0.302019383567939,0.11474903782198147,1.0,0.0
0.302019383567939,0.11811403631193579,1.0,0.0
0.302019383567939,0.12147903480189011,1.0,0.0
0.302019383567939,0.12484403329184443,1.0,0.0
0.302019383567939,0.12820903178179877,1.0,0.0
0.302019383567939,0.13157403027175307,1.0,0.0
0.302019383567939,0.1349390287617074,1.0,0.0
0.302019383567939,0.13830402725166174,1.0,0.0
0.302019383567939,0.14166902574161605,1.0,0.0
0.302019383567939,0.14503402423157039,1.0,0.0
0.302019383567939,0.14839902272152472,1.0,0.0
0.302019383567939,0.15176402121147903,1.0,0.0
0.302019383567939,0.15512901970143336,1.0,0.0
0.302019383567939,0.1584940181913877,1.0,0.0
0.302019383567939,0.161859016681342,1.0,0.0
0.302019383567939,0.16522401517129634,1.0,0.0
0.302019383567939,0.16858901366125065,1.0,0.0
0.302019383567939,0.17195401215120498,1.0,0.0
0.302019383567939,0.17531901064115932,1.0,0.0
0.302019383567939,0.17868400913111362,1.0,0.0
0.302019383567939,0.18204900762106796,1.0,0.0
0.302019383567939,0.18541400611102227,1.0,0.0
0.302019383567939,0.1887790046009766,1.0,0.0
0.302019383567939,0.19214400309093094,1.0,0.0
0.302019383567939,0.19550900158088524,1.0,0.0
0.302019383567939,0.19887400007083958,1.0,0.0
0.302019383567939,0.20223899856079391,1.0,0.0
0.302019383567939,0.20560399705074822,1.0,0.0
0.302019383567939,0.20896899554070256,1.0,0.0
0.302019383567939,0.2123339940306569,1.0,0.0
0.302019383567939,0.2156989925206112,1.0,0.0
0.302019383567939,0.21906399101056553,1.0,0.0
0.302019383567939,0.22242898950051984,1.0,0.0
0.3053843820578933,0.04071907104298632,1.0,0.0
0.3053843820578933,0.044084069532940647,1.0,0.0
0.3053843820578933,0.047449068022894975,1.0,0.0
0.3053843820578933,0.050814066512849296,1.0,0.0
0.3053843820578933,0.05417906500280362,1.0,0.0
0.3053843820578933,0.057544063492757945,1.0,0.0
0.3053843820578933,0.06090906198271227,1.0,0.0
0.3053843820578933,0.0642740604726666,1.0,0.0
0.3053843820578933,0.06763905896262092,1.0,0.0
0.3053843820578933,0.07100405745257524,1.0,0.0
0.3053843820578933,0.07436905594252957,1.0,0.0
0.3053843820578933,0.07773405443248389,1.0,0.0
0.3053843820578933,0.08109905292243821,1.0,0.0
0.3053843820578933,0.08446405141239255,1.0,0.0
0.3053843820578933,0.08782904990234687,1.0,0.0
0.3053843820578933,0.09119404839230119,1.0,0.0
0.3053843820578933,0.09455904688225551,1.0,0.0
0.3053843820578933,0.09792404537220983,1.0,0.0
0.3053843820578933,0.10128904386216417,1.0,0.0
0.3053843820578933,0.10465404235211849,1.0,0.0
0.3053843820578933,0.10801904084207281,1.0,0.0
0.3053843820578933,0.11138403933202715,1.0,0.0
0.3053843820578933,0.11474903782198147,1.0,0.0
0.3053843820578933,0.11811403631193579,1.0,0.0
0.3053843820578933,0.12147903480189011,1.0,0.0
0.3053843820578933,0.12484403329184443,1.0,0.0
0.3053843820578933,0.12820903178179877,1.0,0.0
0.3053843820578933,0.13157403027175307,1.0,0.0
0.3053843820578933,0.1349390287617074,1.0,0.0
0.3053843820578933,0.13830402725166174,1.0,0.0
0.3053843820578933,0.14166902574161605,1.0,0.0
0.3053843820578933,0.14503402423157039,1.0,0.0
0.3053843820578933,0.14839902272152472,1.0,0.0
0.3053843820578933,0.15176402121147903,1.0,0.0
0.3053843820578933,0.15512901970143336,1.0,0.0
0.3053843820578933,0.1584940181913877,1.0,0.0
0.3053843820578933,0.161859016681342,1.0,0.0
0.3053843820578933,0.16522401517129634,1.0,0.0
0.3053843820578933,0.16858901366125065,1.0,0.0
0.3053843820578933,0.17195401215120498,1.0,0.0
0.3053843820578933,0.17531901064115932,1.0,0.0
0.3053843820578933,0.17868400913111362,1.0,0.0
0.3053843820578933,0.18204900762106796,1.0,0.0
0.3053843820578933,0.18541400611102227,1.0,0.0
0.3053843820578933,0.1887790046009766,1.0,0.0
0.3053843820578933,0.19214400309093094,1.0,0.0
0.3053843820578933,0.19550900158088524,1.0,0.0
0.3053843820578933,0.19887400007083958,1.0,0.0
0.3053843820578933,0.20223899856079391,1.0,0.0
0.3053843820578933,0.20560399705074822,1.0,0.0
0.3053843820578933,0.20896899554070256,1.0,0.0
0.3053843820578933,0.2123339940306569,1.0,0.0
0.3053843820578933,0.2156989925206112,1.0,0.0
0.3053843820578933,0.21906399101056553,1.0,0.0
0.3053843820578933,0.22242898950051984,1.0,0.0
0.3087493805478476,0.04071907104298632,1.0,0.0
0.3087493805478476,0.044084069532940647,1.0,0.0
0.3087493805478476,0.047449068022894975,1.0,0.0
0.3087493805478476,0.050814066512849296,1.0,0.0
0.3087493805478476,0.05417906500280362,1.0,0.0
0.3087493805478476,0.057544063492757945,1.0,0.0
0.3087493805478476,0.06090906198271227,1.0,0.0
0.3087493805478476,0.0642740604726666,1.0,0.0
0.3087493805478476,0.06763905896262092,1.0,0.0
0.3087493805478476,0.07100405745257524,1.0,0.0
0.3087493805478476,0.07436905594252957,1.0,0.0
0.3087493805478476,0.07773405443248389,1.0,0.0
0.3087493805478476,0.08109905292243821,1.0,0.0
0.3087493805478476,0.08446405141239255,1.0,0.0
0.3087493805478476,0.08782904990234687,1.0,0.0
0.3087493805478476,0.09119404839230119,1.0,0.0
0.3087493805478476,0.09455904688225551,1.0,0.0
0.3087493805478476,0.09792404537220983,1.0,0.0
0.3087493805478476,0.10128904386216417,1.0,0.0
0.3087493805478476,0.10465404235211849,1.0,0.0
0.3087493805478476,0.10801904084207281,1.0,0.0
0.3087493805478476,0.11138403933202715,1.0,0.0
0.3087493805478476,0.11474903782198147,1.0,0.0
0.3087493805478476,0.11811403631193579,1.0,0.0
0.3087493805478476,0.12147903480189011,1.0,0.0
0.3087493805478476,0.12484403329184443,1.0,0.0
0.3087493805478476,0.12820903178179877,1.0,0.0
0.3087493805478476,0.13157403027175307,1.0,0.0
0.3087493805478476,0.1349390287617074,1.0,0.0
0.3087493805478476,0.13830402725166174,1.0,0.0
0.3087493805478476,0.14166902574161605,1.0,0.0
0.3087493805478476,0.14503402423157039,1.0,0.0
0.3087493805478476,0.14839902272152472,1.0,0.0
0.3087493805478476,0.15176402121147903,1.0,0.0
0.3087493805478476,0.15512901970143336,1.0,0.0
0.3087493805478476,0.1584940181913877,1.0,0.0
0.3087493805478476,0.161859016681342,1.0,0.0
0.3087493805478476,0.16522401517129634,1.0,0.0
0.3087493805478476,0.16858901366125065,1.0,0.0
0.3087493805478476,0.17195401215120498,1.0,0.0
0.3087493805478476,0.17531901064115932,1.0,0.0
0.3087493805478476,0.17868400913111362,1.0,0.0
0.3087493805478476,0.18204900762106796,1.0,0.0
0.3087493805478476,0.18541400611102227,1.0,0.0
0.3087493805478476,0.1887790046009766,1.0,0.0
0.3087493805478476,0.19214400309093094,1.0,0.0
0.3087493805478476,0.19550900158088524,1.0,0.0
0.3087493805478476,0.19887400007083958,1.0,0.0
0.3087493805478476,0.20223899856079391,1.0,0.0
0.3087493805478476,0.20560399705074822,1.0,0.0
0.3087493805478476,0.20896899554070256,1.0,0.0
0.3087493805478476,0.2123339940306569,1.0,0.0
0.3087493805478476,0.2156989925206112,1.0,0.0
0.3087493805478476,0.21906399101056553,1.0,0.0
0.3087493805478476,0.22242898950051984,1.0,0.0
0.312114379037802,0.037354072553032,1.0,0.0
0.312114379037802,0.04071907104298632,1.0,0.0
0.312114379037802,0.044084069532940647,1.0,0.0
0.312114379037802,0.047449068022894975,1.0,0.0
0.312114379037802,0.050814066512849296,1.0,0.0
0.312114379037802,0.05417906500280362,1.0,0.0
0.312114379037802,0.057544063492757945,1.0,0.0
0.312114379037802,0.06090906198271227,1.0,0.0
0.312114379037802,0.0642740604726666,1.0,0.0
0.312114379037802,0.06763905896262092,1.0,0.0
0.312114379037802,0.07100405745257524,1.0,0.0
0.312114379037802,0.07436905594252957,1.0,0.0
0.312114379037802,0.07773405443248389,1.0,0.0
0.312114379037802,0.08109905292243821,1.0,0.0
0.312114379037802,0.08446405141239255,1.0,0.0
0.312114379037802,0.08782904990234687,1.0,0.0
0.312114379037802,0.09119404839230119,1.0,0.0
0.312114379037802,0.09455904688225551,1.0,0.0
0.312114379037802,0.09792404537220983,1.0,0.0
0.312114379037802,0.10128904386216417,1.0,0.0
0.312114379037802,0.10465404235211849,1.0,0.0
0.312114379037802,0.10801904084207281,1.0,0.0
0.312114379037802,0.11138403933202715,1.0,0.0
0.312114379037802,0.11474903782198147,1.0,0.0
0.312114379037802,0.11811403631193579,1.0,0.0
0.312114379037802,0.12147903480189011,1.0,0.0
0.312114379037802,0.12484403329184443,1.0,0.0
0.312114379037802,0.12820903178179877,1.0,0.0
0.312114379037802,0.13157403027175307,1.0,0.0
0.312114379037802,0.1349390287617074,1.0,0.0
0.312114379037802,0.13830402725166174,1.0,0.0
0.312114379037802,0.14166902574161605,1.0,0.0
0.312114379037802,0.14503402423157039,1.0,0.0
0.312114379037802,0.14839902272152472,1.0,0.0
0.312114379037802,0.15176402121147903,1.0,0.0
0.312114379037802,0.15512901970143336,1.0,0.0
0.312114379037802,0.1584940181913877,1.0,0.0
0.312114379037802,0.161859016681342,1.0,0.0
0.312114379037802,0.16522401517129634,1.0,0.0
0.312114379037802,0.16858901366125065,1.0,0.0
0.312114379037802,0.17195401215120498,1.0,0.0
0.312114379037802,0.17531901064115932,1.0,0.0
0.312114379037802,0.17868400913111362,1.0,0.0
0.312114379037802,0.18204900762106796,1.0,0.0
0.312114379037802,0.18541400611102227,1.0,0.0
0.312114379037802,0.1887790046009766,1.0,0.0
0.312114379037802,0.19214400309093094,1.0,0.0
0.312114379037802,0.19550900158088524,1.0,0.0
0.312114379037802,0.19887400007083958,1.0,0.0
0.312114379037802,0.20223899856079391,1.0,0.0
0.312114379037802,0.20560399705074822,1.0,0.0
0.312114379037802,0.20896899554070256,1.0,0.0
0.312114379037802,0.2123339940306569,1.0,0.0
0.312114379037802,0.2156989925206112,1.0,0.0
0.312114379037802,0.21906399101056553,1.0,0.0
0.312114379037802,0.22242898950051984,1.0,0.0
0.3154793775277563,0.033989074063077676,1.0,0.0
0.3154793775277563,0.037354072553032,1.0,0.0
0.3154793775277563,0.04071907104298632,1.0,0.0
0.3154793775277563,0.044084069532940647,1.0,0.0
0.3154793775277563,0.047449068022894975,1.0,0.0
0.3154793775277563,0.050814066512849296,1.0,0.0
0.3154793775277563,0.05417906500280362,1.0,0.0
0.3154793775277563,0.057544063492757945,1.0,0.0
0.3154793775277563,0.06090906198271227,1.0,0.0
0.3154793775277563,0.0642740604726666,1.0,0.0
0.3154793775277563,0.06763905896262092,1.0,0.0
0.3154793775277563,0.07100405745257524,1.0,0.0
0.3154793775277563,0.07436905594252957,1.0,0.0
0.3154793775277563,0.07773405443248389,1.0,0.0
0.3154793775277563,0.08109905292243821,1.0,0.0
0.3154793775277563,0.08446405141239255,1.0,0.0
0.3154793775277563,0.08782904990234687,1.0,0.0
0.3154793775277563,0.09119404839230119,1.0,0.0
0.3154793775277563,0.09455904688225551,1.0,0.0
0.3154793775277563,0.09792404537220983,1.0,0.0
0.3154793775277563,0.10128904386216417,1.0,0.0
0.3154793775277563,0.10465404235211849,1.0,0.0
0.3154793775277563,0.10801904084207281,1.0,0.0
0.3154793775277563,0.11138403933202715,1.0,0.0
0.3154793775277563,0.11474903782198147,1.0,0.0
0.3154793775277563,0.11811403631193579,1.0,0.0
0.3154793775277563,0.12147903480189011,1.0,0.0
0.3154793775277563,0.12484403329184443,1.0,0.0
0.3154793775277563,0.12820903178179877,1.0,0.0
0.3154793775277563,0.13157403027175307,1.0,0.0
0.3154793775277563,0.1349390287617074,1.0,0.0
0.3154793775277563,0.13830402725166174,1.0,0.0
0.3154793775277563,0.14166902574161605,1.0,0.0
0.3154793775277563,0.14503402423157039,1.0,0.0
0.3154793775277563,0.14839902272152472,1.0,0.0
0.3154793775277563,0.15176402121147903,1.0,0.0
0.3154793775277563,0.15512901970143336,1.0,0.0
0.3154793775277563,0.1584940181913877,1.0,0.0
0.3154793775277563,0.161859016681342,1.0,0.0
0.3154793775277563,0.16522401517129634,1.0,0.0
0.3154793775277563,0.16858901366125065,1.0,0.0
0.3154793775277563,0.17195401215120498,1.0,0.0
0.3154793775277563,0.17531901064115932,1.0,0.0
0.3154793775277563,0.17868400913111362,1.0,0.0
0.3154793775277563,0.18204900762106796,1.0,0.0
0.3154793775277563,0.18541400611102227,1.0,0.0
0.3154793775277563,0.1887790046009766,1.0,0.0
0.3154793775277563,0.19214400309093094,1.0,0.0
0.3154793775277563,0.19550900158088524,1.0,0.0
0.3154793775277563,0.19887400007083958,1.0,0.0
0.3154793775277563,0.20223899856079391,1.0,0.0
0.3154793775277563,0.20560399705074822,1.0,0.0
0.3154793775277563,0.20896899554070256,1.0,0.0
0.3154793775277563,0.2123339940306569,1.0,0.0
0.3154793775277563,0.2156989925206112,1.0,0.0
0.3154793775277563,0.21906399101056553,1.0,0.0
0.3154793775277563,0.22242898950051984,1.0,0.0
0.31884437601771065,0.033989074063077676,1.0,0.0
0.31884437601771065,0.037354072553032,1.0,0.0
0.31884437601771065,0.04071907104298632,1.0,0.0
0.31884437601771065,0.044084069532940647,1.0,0.0
0.31884437601771065,0.047449068022894975,1.0,0.0
0.31884437601771065,0.050814066512849296,1.0,0.0
0.31884437601771065,0.05417906500280362,1.0,0.0
0.31884437601771065,0.057544063492757945,1.0,0.0
0.31884437601771065,0.06090906198271227,1.0,0.0
0.31884437601771065,0.0642740604726666,1.0,0.0
0.31884437601771065,0.06763905896262092,1.0,0.0
0.31884437601771065,0.07100405745257524,1.0,0.0
0.31884437601771065,0.07436905594252957,1.0,0.0
0.31884437601771065,0.07773405443248389,1.0,0.0
0.31884437601771065,0.08109905292243821,1.0,0.0
0.31884437601771065,0.08446405141239255,1.0,0.0
0.31884437601771065,0.08782904990234687,1.0,0.0
0.31884437601771065,0.09119404839230119,1.0,0.0
0.31884437601771065,0.09455904688225551,1.0,0.0
0.31884437601771065,0.09792404537220983,1.0,0.0
0.31884437601771065,0.10128904386216417,1.0,0.0
0.31884437601771065,0.10465404235211849,1.0,0.0
0.31884437601771065,0.10801904084207281,1.0,0.0
0.31884437601771065,0.11138403933202715,1.0,0.0
0.31884437601771065,0.11474903782198147,1.0,0.0
0.31884437601771065,0.11811403631193579,1.0,0.0
0.31884437601771065,0.12147903480189011,1.0,0.0
0.31884437601771065,0.12484403329184443,1.0,0.0
0.31884437601771065,0.12820903178179877,1.0,0.0
0.31884437601771065,0.13157403027175307,1.0,0.0
0.31884437601771065,0.1349390287617074,1.0,0.0
0.31884437601771065,0.13830402725166174,1.0,0.0
0.31884437601771065,0.14166902574161605,1.0,0.0
0.31884437601771065,0.14503402423157039,1.0,0.0
0.31884437601771065,0.14839902272152472,1.0,0.0
0.31884437601771065,0.15176402121147903,1.0,0.0
0.31884437601771065,0.15512901970143336,1.0,0.0
0.31884437601771065,0.1584940181913877,1.0,0.0
0.31884437601771065,0.161859016681342,1.0,0.0
0.31884437601771065,0.16522401517129634,1.0,0.0
0.31884437601771065,0.16858901366125065,1.0,0.0
0.31884437601771065,0.17195401215120498,1.0,0.0
0.31884437601771065,0.17531901064115932,1.0,0.0
0.31884437601771065,0.17868400913111362,1.0,0.0
0.31884437601771065,0.18204900762106796,1.0,0.0
0.31884437601771065,0.18541400611102227,1.0,0.0
0.31884437601771065,0.1887790046009766,1.0,0.0
0.31884437601771065,0.19214400309093094,1.0,0.0
0.31884437601771065,0.19550900158088524,1.0,0.0
0.31884437601771065,0.19887400007083958,1.0,0.0
0.31884437601771065,0.20223899856079391,1.0,0.0
0.31884437601771065,0.20560399705074822,1.0,0.0
0.31884437601771065,0.20896899554070256,1.0,0.0
0.31884437601771065,0.2123339940306569,1.0,0.0
0.31884437601771065,0.2156989925206112,1.0,0.0
0.31884437601771065,0.21906399101056553,1.0,0.0
0.31884437601771065,0.22242898950051984,1.0,0.0
0.31884437601771065,0.22579398799047418,1.0,0.0
0.32220937450766496,0.033989074063077676,1.0,0.0
0.32220937450766496,0.037354072553032,1.0,0.0
0.32220937450766496,0.04071907104298632,1.0,0.0
0.32220937450766496,0.044084069532940647,1.0,0.0
0.32220937450766496,0.047449068022894975,1.0,0.0
0.32220937450766496,0.050814066512849296,1.0,0.0
0.32220937450766496,0.05417906500280362,1.0,0.0
0.32220937450766496,0.057544063492757945,1.0,0.0
0.32220937450766496,0.06090906198271227,1.0,0.0
0.32220937450766496,0.0642740604726666,1.0,0.0
0.32220937450766496,0.06763905896262092,1.0,0.0
0.32220937450766496,0.07100405745257524,1.0,0.0
0.32220937450766496,0.07436905594252957,1.0,0.0
0.32220937450766496,0.07773405443248389,1.0,0.0
0.32220937450766496,0.08109905292243821,1.0,0.0
0.32220937450766496,0.08446405141239255,1.0,0.0
0.32220937450766496,0.08782904990234687,1.0,0.0
0.32220937450766496,0.09119404839230119,1.0,0.0
0.32220937450766496,0.09455904688225551,1.0,0.0
0.32220937450766496,0.09792404537220983,1.0,0.0
0.32220937450766496,0.10128904386216417,1.0,0.0
0.32220937450766496,0.10465404235211849,1.0,0.0
0.32220937450766496,0.10801904084207281,1.0,0.0
0.32220937450766496,0.11138403933202715,1.0,0.0
0.32220937450766496,0.11474903782198147,1.0,0.0
0.32220937450766496,0.11811403631193579,1.0,0.0
0.32220937450766496,0.12147903480189011,1.0,0.0
0.32220937450766496,0.12484403329184443,1.0,0.0
0.32220937450766496,0.12820903178179877,1.0,0.0
0.32220937450766496,0.13157403027175307,1.0,0.0
0.32220937450766496,0.1349390287617074,1.0,0.0
0.32220937450766496,0.13830402725166174,1.0,0.0
0.32220937450766496,0.14166902574161605,1.0,0.0
0.32220937450766496,0.14503402423157039,1.0,0.0
0.32220937450766496,0.14839902272152472,1.0,0.0
0.32220937450766496,0.15176402121147903,1.0,0.0
0.32220937450766496,0.15512901970143336,1.0,0.0
0.32220937450766496,0.1584940181913877,1.0,0.0
0.32220937450766496,0.161859016681342,1.0,0.0
0.32220937450766496,0.16522401517129634,1.0,0.0
0.32220937450766496,0.16858901366125065,1.0,0.0
0.32220937450766496,0.17195401215120498,1.0,0.0
0.32220937450766496,0.17531901064115932,1.0,0.0
0.32220937450766496,0.17868400913111362,1.0,0.0
0.32220937450766496,0.18204900762106796,1.0,0.0
0.32220937450766496,0.18541400611102227,1.0,0.0
0.32220937450766496,0.1887790046009766,1.0,0.0
0.32220937450766496,0.19214400309093094,1.0,0.0
0.32220937450766496,0.19550900158088524,1.0,0.0
0.32220937450766496,0.19887400007083958,1.0,0.0
0.32220937450766496,0.20223899856079391,1.0,0.0
0.32220937450766496,0.20560399705074822,1.0,0.0
0.32220937450766496,0.20896899554070256,1.0,0.0
0.32220937450766496,0.2123339940306569,1.0,0.0
0.32220937450766496,0.2156989925206112,1.0,0.0
0.32220937450766496,0.21906399101056553,1.0,0.0
0.32220937450766496,0.22242898950051984,1.0,0.0
0.32220937450766496,0.22579398799047418,1.0,0.0
0.32557437299761927,0.030624075573123348,1.0,0.0
0.32557437299761927,0.033989074063077676,1.0,0.0
0.32557437299761927,0.037354072553032,1.0,0.0
0.32557437299761927,0.04071907104298632,1.0,0.0
0.32557437299761927,0.044084069532940647,1.0,0.0
0.32557437299761927,0.047449068022894975,1.0,0.0
0.32557437299761927,0.050814066512849296,1.0,0.0
0.32557437299761927,0.05417906500280362,1.0,0.0
0.32557437299761927,0.057544063492757945,1.0,0.0
0.32557437299761927,0.06090906198271227,1.0,0.0
0.32557437299761927,0.0642740604726666,1.0,0.0
0.32557437299761927,0.06763905896262092,1.0,0.0
0.32557437299761927,0.07100405745257524,1.0,0.0
0.32557437299761927,0.07436905594252957,1.0,0.0
0.32557437299761927,0.07773405443248389,1.0,0.0
0.32557437299761927,0.08109905292243821,1.0,0.0
0.32557437299761927,0.08446405141239255,1.0,0.0
0.32557437299761927,0.08782904990234687,1.0,0.0
0.32557437299761927,0.09119404839230119,1.0,0.0
0.32557437299761927,0.09455904688225551,1.0,0.0
0.32557437299761927,0.09792404537220983,1.0,0.0
0.32557437299761927,0.10128904386216417,1.0,0.0
0.32557437299761927,0.10465404235211849,1.0,0.0
0.32557437299761927,0.10801904084207281,1.0,0.0
0.32557437299761927,0.11138403933202715,1.0,0.0
0.32557437299761927,0.11474903782198147,1.0,0.0
0.32557437299761927,0.11811403631193579,1.0,0.0
0.32557437299761927,0.12147903480189011,1.0,0.0
0.32557437299761927,0.12484403329184443,1.0,0.0
0.32557437299761927,0.12820903178179877,1.0,0.0
0.32557437299761927,0.13157403027175307,1.0,0.0
0.32557437299761927,0.1349390287617074,1.0,0.0
0.32557437299761927,0.13830402725166174,1.0,0.0
0.32557437299761927,0.14166902574161605,1.0,0.0
0.32557437299761927,0.14503402423157039,1.0,0.0
0.32557437299761927,0.14839902272152472,1.0,0.0
0.32557437299761927,0.15176402121147903,1.0,0.0
0.32557437299761927,0.15512901970143336,1.0,0.0
0.32557437299761927,0.1584940181913877,1.0,0.0
0.32557437299761927,0.161859016681342,1.0,0.0
0.32557437299761927,0.16522401517129634,1.0,0.0
0.32557437299761927,0.16858901366125065,1.0,0.0
0.32557437299761927,0.17195401215120498,1.0,0.0
0.32557437299761927,0.17531901064115932,1.0,0.0
0.32557437299761927,0.17868400913111362,1.0,0.0
0.32557437299761927,0.18204900762106796,1.0,0.0
0.32557437299761927,0.18541400611102227,1.0,0.0
0.32557437299761927,0.1887790046009766,1.0,0.0
0.32557437299761927,0.19214400309093094,1.0,0.0
0.32557437299761927,0.19550900158088524,1.0,0.0
0.32557437299761927,0.19887400007083958,1.0,0.0
0.32557437299761927,0.20223899856079391,1.0,0.0
0.32557437299761927,0.20560399705074822,1.0,0.0
0.32557437299761927,0.20896899554070256,1.0,0.0
0.32557437299761927,0.2123339940306569,1.0,0.0
0.32557437299761927,0.2156989925206112,1.0,0.0
0.32557437299761927,0.21906399101056553,1.0,0.0
0.32557437299761927,0.22242898950051984,1.0,0.0
0.32557437299761927,0.22579398799047418,1.0,0.0
0.32893937148757363,0.030624075573123348,1.0,0.0
0.32893937148757363,0.033989074063077676,1.0,0.0
0.32893937148757363,0.037354072553032,1.0,0.0
0.32893937148757363,0.04071907104298632,1.0,0.0
0.32893937148757363,0.044084069532940647,1.0,0.0
0.32893937148757363,0.047449068022894975,1.0,0.0
0.32893937148757363,0.050814066512849296,1.0,0.0
0.32893937148757363,0.05417906500280362,1.0,0.0
0.32893937148757363,0.057544063492757945,1.0,0.0
0.32893937148757363,0.06090906198271227,1.0,0.0
0.32893937148757363,0.0642740604726666,1.0,0.0
0.32893937148757363,0.06763905896262092,1.0,0.0
0.32893937148757363,0.07100405745257524,1.0,0.0
0.32893937148757363,0.07436905594252957,1.0,0.0
0.32893937148757363,0.07773405443248389,1.0,0.0
0.32893937148757363,0.08109905292243821,1.0,0.0
0.32893937148757363,0.08446405141239255,1.0,0.0
0.32893937148757363,0.08782904990234687,1.0,0.0
0.32893937148757363,0.09119404839230119,1.0,0.0
0.32893937148757363,0.09455904688225551,1.0,0.0
0.32893937148757363,0.09792404537220983,1.0,0.0
0.32893937148757363,0.10128904386216417,1.0,0.0
0.32893937148757363,0.10465404235211849,1.0,0.0
0.32893937148757363,0.10801904084207281,1.0,0.0
0.32893937148757363,0.11138403933202715,1.0,0.0
0.32893937148757363,0.11474903782198147,1.0,0.0
0.32893937148757363,0.11811403631193579,1.0,0.0
0.32893937148757363,0.12147903480189011,1.0,0.0
0.32893937148757363,0.12484403329184443,1.0,0.0
0.32893937148757363,0.12820903178179877,1.0,0.0
0.32893937148757363,0.13157403027175307,1.0,0.0
0.32893937148757363,0.1349390287617074,1.0,0.0
0.32893937148757363,0.13830402725166174,1.0,0.0
0.32893937148757363,0.14166902574161605,1.0,0.0
0.32893937148757363,0.14503402423157039,1.0,0.0
0.32893937148757363,0.14839902272152472,1.0,0.0
0.32893937148757363,0.15176402121147903,1.0,0.0
0.32893937148757363,0.15512901970143336,1.0,0.0
0.32893937148757363,0.1584940181913877,1.0,0.0
0.32893937148757363,0.161859016681342,1.0,0.0
0.32893937148757363,0.16522401517129634,1.0,0.0
0.32893937148757363,0.16858901366125065,1.0,0.0
0.32893937148757363,0.17195401215120498,1.0,0.0
0.32893937148757363,0.17531901064115932,1.0,0.0
0.32893937148757363,0.17868400913111362,1.0,0.0
0.32893937148757363,0.18204900762106796,1.0,0.0
0.32893937148757363,0.18541400611102227,1.0,0.0
0.32893937148757363,0.1887790046009766,1.0,0.0
0.32893937148757363,0.19214400309093094,1.0,0.0
0.32893937148757363,0.19550900158088524,1.0,0.0
0.32893937148757363,0.19887400007083958,1.0,0.0
0.32893937148757363,0.20223899856079391,1.0,0.0
0.32893937148757363,0.20560399705074822,1.0,0.0
0.32893937148757363,0.20896899554070256,1.0,0.0
0.32893937148757363,0.2123339940306569,1.0,0.0
0.32893937148757363,0.2156989925206112,1.0,0.0
0.32893937148757363,0.21906399101056553,1.0,0.0
0.32893937148757363,0.22242898950051984,1.0,0.0
0.32893937148757363,0.22579398799047418,1.0,0.0
0.33230436997752794,0.030624075573123348,1.0,0.0
0.33230436997752794,0.033989074063077676,1.0,0.0
0.33230436997752794,0.037354072553032,1.0,0.0
0.33230436997752794,0.04071907104298632,1.0,0.0
0.33230436997752794,0.044084069532940647,1.0,0.0
0.33230436997752794,0.047449068022894975,1.0,0.0
0.33230436997752794,0.050814066512849296,1.0,0.0
0.33230436997752794,0.05417906500280362,1.0,0.0
0.33230436997752794,0.057544063492757945,1.0,0.0
0.33230436997752794,0.06090906198271227,1.0,0.0
0.33230436997752794,0.0642740604726666,1.0,0.0
0.33230436997752794,0.06763905896262092,1.0,0.0
0.33230436997752794,0.07100405745257524,1.0,0.0
0.33230436997752794,0.07436905594252957,1.0,0.0
0.33230436997752794,0.07773405443248389,1.0,0.0
0.33230436997752794,0.08109905292243821,1.0,0.0
0.33230436997752794,0.08446405141239255,1.0,0.0
0.33230436997752794,0.08782904990234687,1.0,0.0
0.33230436997752794,0.09119404839230119,1.0,0.0
0.33230436997752794,0.09455904688225551,1.0,0.0
0.33230436997752794,0.09792404537220983,1.0,0.0
0.33230436997752794,0.10128904386216417,1.0,0.0
0.33230436997752794,0.10465404235211849,1.0,0.0
0.33230436997752794,0.10801904084207281,1.0,0.0
0.33230436997752794,0.11138403933202715,1.0,0.0
0.33230436997752794,0.11474903782198147,1.0,0.0
0.33230436997752794,0.11811403631193579,1.0,0.0
0.33230436997752794,0.12147903480189011,1.0,0.0
0.33230436997752794,0.12484403329184443,1.0,0.0
0.33230436997752794,0.12820903178179877,1.0,0.0
0.33230436997752794,0.13157403027175307,1.0,0.0
0.33230436997752794,0.1349390287617074,1.0,0.0
0.33230436997752794,0.13830402725166174,1.0,0.0
0.33230436997752794,0.14166902574161605,1.0,0.0
0.33230436997752794,0.14503402423157039,1.0,0.0
0.33230436997752794,0.14839902272152472,1.0,0.0
0.33230436997752794,0.15176402121147903,1.0,0.0
0.33230436997752794,0.15512901970143336,1.0,0.0
0.33230436997752794,0.1584940181913877,1.0,0.0
0.33230436997752794,0.161859016681342,1.0,0.0
0.33230436997752794,0.16522401517129634,1.0,0.0
0.33230436997752794,0.16858901366125065,1.0,0.0
0.33230436997752794,0.17195401215120498,1.0,0.0
0.33230436997752794,0.17531901064115932,1.0,0.0
0.33230436997752794,0.17868400913111362,1.0,0.0
0.33230436997752794,0.18204900762106796,1.0,0.0
0.33230436997752794,0.18541400611102227,1.0,0.0
0.33230436997752794,0.1887790046009766,1.0,0.0
0.33230436997752794,0.19214400309093094,1.0,0.0
0.33230436997752794,0.19550900158088524,1.0,0.0
0.33230436997752794,0.19887400007083958,1.0,0.0
0.33230436997752794,0.20223899856079391,1.0,0.0
0.33230436997752794,0.20560399705074822,1.0,0.0
0.33230436997752794,0.20896899554070256,1.0,0.0
0.33230436997752794,0.2123339940306569,1.0,0.0
0.33230436997752794,0.2156989925206112,1.0,0.0
0.33230436997752794,0.21906399101056553,1.0,0.0
0.33230436997752794,0.22242898950051984,1.0,0.0
0.33230436997752794,0.22579398799047418,1.0,0.0
0.3356693684674823,0.027259077083169023,1.0,0.0
0.3356693684674823,0.030624075573123348,1.0,0.0
0.3356693684674823,0.033989074063077676,1.0,0.0
0.3356693684674823,0.037354072553032,1.0,0.0
0.3356693684674823,0.04071907104298632,1.0,0.0
0.3356693684674823,0.044084069532940647,1.0,0.0
0.3356693684674823,0.047449068022894975,1.0,0.0
0.3356693684674823,0.050814066512849296,1.0,0.0
0.3356693684674823,0.05417906500280362,1.0,0.0
0.3356693684674823,0.057544063492757945,1.0,0.0
0.3356693684674823,0.06090906198271227,1.0,0.0
0.3356693684674823,0.0642740604726666,1.0,0.0
0.3356693684674823,0.06763905896262092,1.0,0.0
0.3356693684674823,0.07100405745257524,1.0,0.0
0.3356693684674823,0.07436905594252957,1.0,0.0
0.3356693684674823,0.07773405443248389,1.0,0.0
0.3356693684674823,0.08109905292243821,1.0,0.0
0.3356693684674823,0.08446405141239255,1.0,0.0
0.3356693684674823,0.08782904990234687,1.0,0.0
0.3356693684674823,0.09119404839230119,1.0,0.0
0.3356693684674823,0.09455904688225551,1.0,0.0
0.3356693684674823,0.09792404537220983,1.0,0.0
0.3356693684674823,0.10128904386216417,1.0,0.0
0.3356693684674823,0.10465404235211849,1.0,0.0
0.3356693684674823,0.10801904084207281,1.0,0.0
0.3356693684674823,0.11138403933202715,1.0,0.0
0.3356693684674823,0.11474903782198147,1.0,0.0
0.3356693684674823,0.11811403631193579,1.0,0.0
0.3356693684674823,0.12147903480189011,1.0,0.0
0.3356693684674823,0.12484403329184443,1.0,0.0
0.3356693684674823,0.12820903178179877,1.0,0.0
0.3356693684674823,0.13157403027175307,1.0,0.0
0.3356693684674823,0.1349390287617074,1.0,0.0
0.3356693684674823,0.13830402725166174,1.0,0.0
0.3356693684674823,0.14166902574161605,1.0,0.0
0.3356693684674823,0.14503402423157039,1.0,0.0
0.3356693684674823,0.14839902272152472,1.0,0.0
0.3356693684674823,0.15176402121147903,1.0,0.0
0.3356693684674823,0.15512901970143336,1.0,0.0
0.3356693684674823,0.1584940181913877,1.0,0.0
0.3356693684674823,0.161859016681342,1.0,0.0
0.3356693684674823,0.16522401517129634,1.0,0.0
0.3356693684674823,0.16858901366125065,1.0,0.0
0.3356693684674823,0.17195401215120498,1.0,0.0
0.3356693684674823,0.17531901064115932,1.0,0.0
0.3356693684674823,0.17868400913111362,1.0,0.0
0.3356693684674823,0.18204900762106796,1.0,0.0
0.3356693684674823,0.18541400611102227,1.0,0.0
0.3356693684674823,0.1887790046009766,1.0,0.0
0.3356693684674823,0.19214400309093094,1.0,0.0
0.3356693684674823,0.19550900158088524,1.0,0.0
0.3356693684674823,0.19887400007083958,1.0,0.0
0.3356693684674823,0.20223899856079391,1.0,0.0
0.3356693684674823,0.20560399705074822,1.0,0.0
0.3356693684674823,0.20896899554070256,1.0,0.0
0.3356693684674823,0.2123339940306569,1.0,0.0
0.3356693684674823,0.2156989925206112,1.0,0.0
0.3356693684674823,0.21906399101056553,1.0,0.0
0.3356693684674823,0.22242898950051984,1.0,0.0
0.3356693684674823,0.22579398799047418,1.0,0.0
0.3356693684674823,0.2291589864804285,1.0,0.0
0.3390343669574366,0.027259077083169023,1.0,0.0
0.3390343669574366,0.030624075573123348,1.0,0.0
0.3390343669574366,0.033989074063077676,1.0,0.0
0.3390343669574366,0.037354072553032,1.0,0.0
0.3390343669574366,0.04071907104298632,1.0,0.0
0.3390343669574366,0.044084069532940647,1.0,0.0
0.3390343669574366,0.047449068022894975,1.0,0.0
0.3390343669574366,0.050814066512849296,1.0,0.0
0.3390343669574366,0.05417906500280362,1.0,0.0
0.3390343669574366,0.057544063492757945,1.0,0.0
0.3390343669574366,0.06090906198271227,1.0,0.0
0.3390343669574366,0.0642740604726666,1.0,0.0
0.3390343669574366,0.06763905896262092,1.0,0.0
0.3390343669574366,0.07100405745257524,1.0,0.0
0.3390343669574366,0.07436905594252957,1.0,0.0
0.3390343669574366,0.07773405443248389,1.0,0.0
0.3390343669574366,0.08109905292243821,1.0,0.0
0.3390343669574366,0.08446405141239255,1.0,0.0
0.3390343669574366,0.08782904990234687,1.0,0.0
0.3390343669574366,0.09119404839230119,1.0,0.0
0.3390343669574366,0.09455904688225551,1.0,0.0
0.3390343669574366,0.09792404537220983,1.0,0.0
0.3390343669574366,0.10128904386216417,1.0,0.0
0.3390343669574366,0.10465404235211849,1.0,0.0
0.3390343669574366,0.10801904084207281,1.0,0.0
0.3390343669574366,0.11138403933202715,1.0,0.0
0.3390343669574366,0.11474903782198147,1.0,0.0
0.3390343669574366,0.11811403631193579,1.0,0.0
0.3390343669574366,0.12147903480189011,1.0,0.0
0.3390343669574366,0.12484403329184443,1.0,0.0
0.3390343669574366,0.12820903178179877,1.0,0.0
0.3390343669574366,0.13157403027175307,1.0,0.0
0.3390343669574366,0.1349390287617074,1.0,0.0
0.3390343669574366,0.13830402725166174,1.0,0.0
0.3390343669574366,0.14166902574161605,1.0,0.0
0.3390343669574366,0.14503402423157039,1.0,0.0
0.3390343669574366,0.14839902272152472,1.0,0.0
0.3390343669574366,0.15176402121147903,1.0,0.0
0.3390343669574366,0.15512901970143336,1.0,0.0
0.3390343669574366,0.1584940181913877,1.0,0.0
0.3390343669574366,0.161859016681342,1.0,0.0
0.3390343669574366,0.16522401517129634,1.0,0.0
0.3390343669574366,0.16858901366125065,1.0,0.0
0.3390343669574366,0.17195401215120498,1.0,0.0
0.3390343669574366,0.17531901064115932,1.0,0.0
0.3390343669574366,0.17868400913111362,1.0,0.0
0.3390343669574366,0.18204900762106796,1.0,0.0
0.3390343669574366,0.18541400611102227,1.0,0.0
0.3390343669574366,0.1887790046009766,1.0,0.0
0.3390343669574366,0.19214400309093094,1.0,0.0
0.3390343669574366,0.19550900158088524,1.0,0.0
0.3390343669574366,0.19887400007083958,1.0,0.0
0.3390343669574366,0.20223899856079391,1.0,0.0
0.3390343669574366,0.20560399705074822,1.0,0.0
0.3390343669574366,0.20896899554070256,1.0,0.0
0.3390343669574366,0.2123339940306569,1.0,0.0
0.3390343669574366,0.2156989925206112,1.0,0.0
0.3390343669574366,0.21906399101056553,1.0,0.0
0.3390343669574366,0.22242898950051984,1.0,0.0
0.3390343669574366,0.22579398799047418,1.0,0.0
0.3390343669574366,0.2291589864804285,1.0,0.0
0.3423993654473909,0.027259077083169023,1.0,0.0
0.3423993654473909,0.030624075573123348,1.0,0.0
0.3423993654473909,0.033989074063077676,1.0,0.0
0.3423993654473909,0.037354072553032,1.0,0.0
0.3423993654473909,0.04071907104298632,1.0,0.0
0.3423993654473909,0.044084069532940647,1.0,0.0
0.3423993654473909,0.047449068022894975,1.0,0.0
0.3423993654473909,0.050814066512849296,1.0,0.0
0.3423993654473909,0.05417906500280362,1.0,0.0
0.3423993654473909,0.057544063492757945,1.0,0.0
0.3423993654473909,0.06090906198271227,1.0,0.0
0.3423993654473909,0.0642740604726666,1.0,0.0
0.3423993654473909,0.06763905896262092,1.0,0.0
0.3423993654473909,0.07100405745257524,1.0,0.0
0.3423993654473909,0.07436905594252957,1.0,0.0
0.3423993654473909,0.07773405443248389,1.0,0.0
0.3423993654473909,0.08109905292243821,1.0,0.0
0.3423993654473909,0.08446405141239255,1.0,0.0
0.3423993654473909,0.08782904990234687,1.0,0.0
0.3423993654473909,0.09119404839230119,1.0,0.0
0.3423993654473909,0.09455904688225551,1.0,0.0
0.3423993654473909,0.09792404537220983,1.0,0.0
0.3423993654473909,0.10128904386216417,1.0,0.0
0.3423993654473909,0.10465404235211849,1.0,0.0
0.3423993654473909,0.10801904084207281,1.0,0.0
0.3423993654473909,0.11138403933202715,1.0,0.0
0.3423993654473909,0.11474903782198147,1.0,0.0
0.3423993654473909,0.11811403631193579,1.0,0.0
0.3423993654473909,0.12147903480189011,1.0,0.0
0.3423993654473909,0.12484403329184443,1.0,0.0
0.3423993654473909,0.12820903178179877,1.0,0.0
0.3423993654473909,0.13157403027175307,1.0,0.0
0.3423993654473909,0.1349390287617074,1.0,0.0
0.3423993654473909,0.13830402725166174,1.0,0.0
0.3423993654473909,0.14166902574161605,1.0,0.0
0.3423993654473909,0.14503402423157039,1.0,0.0
0.3423993654473909,0.14839902272152472,1.0,0.0
0.3423993654473909,0.15176402121147903,1.0,0.0
0.3423993654473909,0.15512901970143336,1.0,0.0
0.3423993654473909,0.1584940181913877,1.0,0.0
0.3423993654473909,0.161859016681342,1.0,0.0
0.3423993654473909,0.16522401517129634,1.0,0.0
0.3423993654473909,0.16858901366125065,1.0,0.0
0.3423993654473909,0.17195401215120498,1.0,0.0
0.3423993654473909,0.17531901064115932,1.0,0.0
0.3423993654473909,0.17868400913111362,1.0,0.0
0.3423993654473909,0.18204900762106796,1.0,0.0
0.3423993654473909,0.18541400611102227,1.0,0.0
0.3423993654473909,0.1887790046009766,1.0,0.0
0.3423993654473909,0.19214400309093094,1.0,0.0
0.3423993654473909,0.19550900158088524,1.0,0.0
0.3423993654473909,0.19887400007083958,1.0,0.0
0.3423993654473909,0.20223899856079391,1.0,0.0
0.3423993654473909,0.20560399705074822,1.0,0.0
0.3423993654473909,0.20896899554070256,1.0,0.0
0.3423993654473909,0.2123339940306569,1.0,0.0
0.3423993654473909,0.2156989925206112,1.0,0.0
0.3423993654473909,0.21906399101056553,1.0,0.0
0.3423993654473909,0.22242898950051984,1.0,0.0
0.3423993654473909,0.22579398799047418,1.0,0.0
0.3423993654473909,0.2291589864804285,1.0,0.0
0.3457643639373453,0.027259077083169023,1.0,0.0
0.3457643639373453,0.030624075573123348,1.0,0.0
0.3457643639373453,0.033989074063077676,1.0,0.0
0.3457643639373453,0.037354072553032,1.0,0.0
0.3457643639373453,0.04071907104298632,1.0,0.0
0.3457643639373453,0.044084069532940647,1.0,0.0
0.3457643639373453,0.047449068022894975,1.0,0.0
0.3457643639373453,0.050814066512849296,1.0,0.0
0.3457643639373453,0.05417906500280362,1.0,0.0
0.3457643639373453,0.057544063492757945,1.0,0.0
0.3457643639373453,0.06090906198271227,1.0,0.0
0.3457643639373453,0.0642740604726666,1.0,0.0
0.3457643639373453,0.06763905896262092,1.0,0.0
0.3457643639373453,0.07100405745257524,1.0,0.0
0.3457643639373453,0.07436905594252957,1.0,0.0
0.3457643639373453,0.07773405443248389,1.0,0.0
0.3457643639373453,0.08109905292243821,1.0,0.0
0.3457643639373453,0.08446405141239255,1.0,0.0
0.3457643639373453,0.08782904990234687,1.0,0.0
0.3457643639373453,0.09119404839230119,1.0,0.0
0.3457643639373453,0.09455904688225551,1.0,0.0
0.3457643639373453,0.09792404537220983,1.0,0.0
0.3457643639373453,0.10128904386216417,1.0,0.0
0.3457643639373453,0.10465404235211849,1.0,0.0
0.3457643639373453,0.10801904084207281,1.0,0.0
0.3457643639373453,0.11138403933202715,1.0,0.0
0.3457643639373453,0.11474903782198147,1.0,0.0
0.3457643639373453,0.11811403631193579,1.0,0.0
0.3457643639373453,0.12147903480189011,1.0,0.0
0.3457643639373453,0.12484403329184443,1.0,0.0
0.3457643639373453,0.12820903178179877,1.0,0.0
0.3457643639373453,0.13157403027175307,1.0,0.0
0.3457643639373453,0.1349390287617074,1.0,0.0
0.3457643639373453,0.13830402725166174,1.0,0.0
0.3457643639373453,0.14166902574161605,1.0,0.0
0.3457643639373453,0.14503402423157039,1.0,0.0
0.3457643639373453,0.14839902272152472,1.0,0.0
0.3457643639373453,0.15176402121147903,1.0,0.0
0.3457643639373453,0.15512901970143336,1.0,0.0
0.3457643639373453,0.1584940181913877,1.0,0.0
0.3457643639373453,0.161859016681342,1.0,0.0
0.3457643639373453,0.16522401517129634,1.0,0.0
0.3457643639373453,0.16858901366125065,1.0,0.0
0.3457643639373453,0.17195401215120498,1.0,0.0
0.3457643639373453,0.17531901064115932,1.0,0.0
0.3457643639373453,0.17868400913111362,1.0,0.0
0.3457643639373453,0.18204900762106796,1.0,0.0
0.3457643639373453,0.18541400611102227,1.0,0.0
0.3457643639373453,0.1887790046009766,1.0,0.0
0.3457643639373453,0.19214400309093094,1.0,0.0
0.3457643639373453,0.19550900158088524,1.0,0.0
0.3457643639373453,0.19887400007083958,1.0,0.0
0.3457643639373453,0.20223899856079391,1.0,0.0
0.3457643639373453,0.20560399705074822,1.0,0.0
0.3457643639373453,0.20896899554070256,1.0,0.0
0.3457643639373453,0.2123339940306569,1.0,0.0
0.3457643639373453,0.2156989925206112,1.0,0.0
0.3457643639373453,0.21906399101056553,1.0,0.0
0.3457643639373453,0.22242898950051984,1.0,0.0
0.3457643639373453,0.22579398799047418,1.0,0.0
0.3457643639373453,0.2291589864804285,1.0,0.0
0.3491293624272996,0.027259077083169023,1.0,0.0
0.3491293624272996,0.030624075573123348,1.0,0.0
0.3491293624272996,0.033989074063077676,1.0,0.0
0.3491293624272996,0.037354072553032,1.0,0.0
0.3491293624272996,0.04071907104298632,1.0,0.0
0.3491293624272996,0.044084069532940647,1.0,0.0
0.3491293624272996,0.047449068022894975,1.0,0.0
0.3491293624272996,0.050814066512849296,1.0,0.0
0.3491293624272996,0.05417906500280362,1.0,0.0
0.3491293624272996,0.057544063492757945,1.0,0.0
0.3491293624272996,0.06090906198271227,1.0,0.0
0.3491293624272996,0.0642740604726666,1.0,0.0
0.3491293624272996,0.06763905896262092,1.0,0.0
0.3491293624272996,0.07100405745257524,1.0,0.0
0.3491293624272996,0.07436905594252957,1.0,0.0
0.3491293624272996,0.07773405443248389,1.0,0.0
0.3491293624272996,0.08109905292243821,1.0,0.0
0.3491293624272996,0.08446405141239255,1.0,0.0
0.3491293624272996,0.08782904990234687,1.0,0.0
0.3491293624272996,0.09119404839230119,1.0,0.0
0.3491293624272996,0.09455904688225551,1.0,0.0
0.3491293624272996,0.09792404537220983,1.0,0.0
0.3491293624272996,0.10128904386216417,1.0,0.0
0.3491293624272996,0.10465404235211849,1.0,0.0
0.3491293624272996,0.10801904084207281,1.0,0.0
0.3491293624272996,0.11138403933202715,1.0,0.0
0.3491293624272996,0.11474903782198147,1.0,0.0
0.3491293624272996,0.11811403631193579,1.0,0.0
0.3491293624272996,0.12147903480189011,1.0,0.0
0.3491293624272996,0.12484403329184443,1.0,0.0
0.3491293624272996,0.12820903178179877,1.0,0.0
0.3491293624272996,0.13157403027175307,1.0,0.0
0.3491293624272996,0.1349390287617074,1.0,0.0
0.3491293624272996,0.13830402725166174,1.0,0.0
0.3491293624272996,0.14166902574161605,1.0,0.0
0.3491293624272996,0.14503402423157039,1.0,0.0
0.3491293624272996,0.14839902272152472,1.0,0.0
0.3491293624272996,0.15176402121147903,1.0,0.0
0.3491293624272996,0.15512901970143336,1.0,0.0
0.3491293624272996,0.1584940181913877,1.0,0.0
0.3491293624272996,0.161859016681342,1.0,0.0
0.3491293624272996,0.16522401517129634,1.0,0.0
0.3491293624272996,0.16858901366125065,1.0,0.0
0.3491293624272996,0.17195401215120498,1.0,0.0
0.3491293624272996,0.17531901064115932,1.0,0.0
0.3491293624272996,0.17868400913111362,1.0,0.0
0.3491293624272996,0.18204900762106796,1.0,0.0
0.3491293624272996,0.18541400611102227,1.0,0.0
0.3491293624272996,0.1887790046009766,1.0,0.0
0.3491293624272996,0.19214400309093094,1.0,0.0
0.3491293624272996,0.19550900158088524,1.0,0.0
0.3491293624272996,0.19887400007083958,1.0,0.0
0.3491293624272996,0.20223899856079391,1.0,0.0
0.3491293624272996,0.20560399705074822,1.0,0.0
0.3491293624272996,0.20896899554070256,1.0,0.0
0.3491293624272996,0.2123339940306569,1.0,0.0
0.3491293624272996,0.2156989925206112,1.0,0.0
0.3491293624272996,0.21906399101056553,1.0,0.0
0.3491293624272996,0.22242898950051984,1.0,0.0
0.3491293624272996,0.22579398799047418,1.0,0.0
0.3491293624272996,0.2291589864804285,1.0,0.0
0.3524943609172539,0.030624075573123348,1.0,0.0
0.3524943609172539,0.033989074063077676,1.0,0.0
0.3524943609172539,0.037354072553032,1.0,0.0
0.3524943609172539,0.04071907104298632,1.0,0.0
0.3524943609172539,0.044084069532940647,1.0,0.0
0.3524943609172539,0.047449068022894975,1.0,0.0
0.3524943609172539,0.050814066512849296,1.0,0.0
0.3524943609172539,0.05417906500280362,1.0,0.0
0.3524943609172539,0.057544063492757945,1.0,0.0
0.3524943609172539,0.06090906198271227,1.0,0.0
0.3524943609172539,0.0642740604726666,1.0,0.0
0.3524943609172539,0.06763905896262092,1.0,0.0
0.3524943609172539,0.07100405745257524,1.0,0.0
0.3524943609172539,0.07436905594252957,1.0,0.0
0.3524943609172539,0.07773405443248389,1.0,0.0
0.3524943609172539,0.08109905292243821,1.0,0.0
0.3524943609172539,0.08446405141239255,1.0,0.0
0.3524943609172539,0.08782904990234687,1.0,0.0
0.3524943609172539,0.09119404839230119,1.0,0.0
0.3524943609172539,0.09455904688225551,1.0,0.0
0.3524943609172539,0.09792404537220983,1.0,0.0
0.3524943609172539,0.10128904386216417,1.0,0.0
0.3524943609172539,0.10465404235211849,1.0,0.0
0.3524943609172539,0.10801904084207281,1.0,0.0
0.3524943609172539,0.11138403933202715,1.0,0.0
0.3524943609172539,0.11474903782198147,1.0,0.0
0.3524943609172539,0.11811403631193579,1.0,0.0
0.3524943609172539,0.12147903480189011,1.0,0.0
0.3524943609172539,0.12484403329184443,1.0,0.0
0.3524943609172539,0.12820903178179877,1.0,0.0
0.3524943609172539,0.13157403027175307,1.0,0.0
0.3524943609172539,0.1349390287617074,1.0,0.0
0.3524943609172539,0.13830402725166174,1.0,0.0
0.3524943609172539,0.14166902574161605,1.0,0.0
0.3524943609172539,0.14503402423157039,1.0,0.0
0.3524943609172539,0.14839902272152472,1.0,0.0
0.3524943609172539,0.15176402121147903,1.0,0.0
0.3524943609172539,0.15512901970143336,1.0,0.0
0.3524943609172539,0.1584940181913877,1.0,0.0
0.3524943609172539,0.161859016681342,1.0,0.0
0.3524943609172539,0.16522401517129634,1.0,0.0
0.3524943609172539,0.16858901366125065,1.0,0.0
0.3524943609172539,0.17195401215120498,1.0,0.0
0.3524943609172539,0.17531901064115932,1.0,0.0
0.3524943609172539,0.17868400913111362,1.0,0.0
0.3524943609172539,0.18204900762106796,1.0,0.0
0.3524943609172539,0.18541400611102227,1.0,0.0
0.3524943609172539,0.1887790046009766,1.0,0.0
0.3524943609172539,0.19214400309093094,1.0,0.0
0.3524943609172539,0.19550900158088524,1.0,0.0
0.3524943609172539,0.19887400007083958,1.0,0.0
0.3524943609172539,0.20223899856079391,1.0,0.0
0.3524943609172539,0.20560399705074822,1.0,0.0
0.3524943609172539,0.20896899554070256,1.0,0.0
0.3524943609172539,0.2123339940306569,1.0,0.0
0.3524943609172539,0.2156989925206112,1.0,0.0
0.3524943609172539,0.21906399101056553,1.0,0.0
0.3524943609172539,0.22242898950051984,1.0,0.0
0.3524943609172539,0.22579398799047418,1.0,0.0
0.3524943609172539,0.2291589864804285,1.0,0.0
0.35585935940720825,0.030624075573123348,1.0,0.0
0.35585935940720825,0.033989074063077676,1.0,0.0
0.35585935940720825,0.037354072553032,1.0,0.0
0.35585935940720825,0.04071907104298632,1.0,0.0
0.35585935940720825,0.044084069532940647,1.0,0.0
0.35585935940720825,0.047449068022894975,1.0,0.0
0.35585935940720825,0.050814066512849296,1.0,0.0
0.35585935940720825,0.05417906500280362,1.0,0.0
0.35585935940720825,0.057544063492757945,1.0,0.0
0.35585935940720825,0.06090906198271227,1.0,0.0
0.35585935940720825,0.0642740604726666,1.0,0.0
0.35585935940720825,0.06763905896262092,1.0,0.0
0.35585935940720825,0.07100405745257524,1.0,0.0
0.35585935940720825,0.07436905594252957,1.0,0.0
0.35585935940720825,0.07773405443248389,1.0,0.0
0.35585935940720825,0.08109905292243821,1.0,0.0
0.35585935940720825,0.08446405141239255,1.0,0.0
0.35585935940720825,0.08782904990234687,1.0,0.0
0.35585935940720825,0.09119404839230119,1.0,0.0
0.35585935940720825,0.09455904688225551,1.0,0.0
0.35585935940720825,0.09792404537220983,1.0,0.0
0.35585935940720825,0.10128904386216417,1.0,0.0
0.35585935940720825,0.10465404235211849,1.0,0.0
0.35585935940720825,0.10801904084207281,1.0,0.0
0.35585935940720825,0.11138403933202715,1.0,0.0
0.35585935940720825,0.11474903782198147,1.0,0.0
0.35585935940720825,0.11811403631193579,1.0,0.0
0.35585935940720825,0.12147903480189011,1.0,0.0
0.35585935940720825,0.12484403329184443,1.0,0.0
0.35585935940720825,0.12820903178179877,1.0,0.0
0.35585935940720825,0.13157403027175307,1.0,0.0
0.35585935940720825,0.1349390287617074,1.0,0.0
0.35585935940720825,0.13830402725166174,1.0,0.0
0.35585935940720825,0.14166902574161605,1.0,0.0
0.35585935940720825,0.14503402423157039,1.0,0.0
0.35585935940720825,0.14839902272152472,1.0,0.0
0.35585935940720825,0.15176402121147903,1.0,0.0
0.35585935940720825,0.15512901970143336,1.0,0.0
0.35585935940720825,0.1584940181913877,1.0,0.0
0.35585935940720825,0.161859016681342,1.0,0.0
0.35585935940720825,0.16522401517129634,1.0,0.0
0.35585935940720825,0.16858901366125065,1.0,0.0
0.35585935940720825,0.17195401215120498,1.0,0.0
0.35585935940720825,0.17531901064115932,1.0,0.0
0.35585935940720825,0.17868400913111362,1.0,0.0
0.35585935940720825,0.18204900762106796,1.0,0.0
0.35585935940720825,0.18541400611102227,1.0,0.0
0.35585935940720825,0.1887790046009766,1.0,0.0
0.35585935940720825,0.19214400309093094,1.0,0.0
0.35585935940720825,0.19550900158088524,1.0,0.0
0.35585935940720825,0.19887400007083958,1.0,0.0
0.35585935940720825,0.20223899856079391,1.0,0.0
0.35585935940720825,0.20560399705074822,1.0,0.0
0.35585935940720825,0.20896899554070256,1.0,0.0
0.35585935940720825,0.2123339940306569,1.0,0.0
0.35585935940720825,0.2156989925206112,1.0,0.0
0.35585935940720825,0.21906399101056553,1.0,0.0
0.35585935940720825,0.22242898950051984,1.0,0.0
0.35585935940720825,0.22579398799047418,1.0,0.0
0.35585935940720825,0.2291589864804285,1.0,0.0
0.35922435789716256,0.030624075573123348,1.0,0.0
0.35922435789716256,0.033989074063077676,1.0,0.0
0.35922435789716256,0.037354072553032,1.0,0.0
0.35922435789716256,0.04071907104298632,1.0,0.0
0.35922435789716256,0.044084069532940647,1.0,0.0
0.35922435789716256,0.047449068022894975,1.0,0.0
0.35922435789716256,0.050814066512849296,1.0,0.0
0.35922435789716256,0.05417906500280362,1.0,0.0
0.35922435789716256,0.057544063492757945,1.0,0.0
0.35922435789716256,0.06090906198271227,1.0,0.0
0.35922435789716256,0.0642740604726666,1.0,0.0
0.35922435789716256,0.06763905896262092,1.0,0.0
0.35922435789716256,0.07100405745257524,1.0,0.0
0.35922435789716256,0.07436905594252957,1.0,0.0
0.35922435789716256,0.07773405443248389,1.0,0.0
0.35922435789716256,0.08109905292243821,1.0,0.0
0.35922435789716256,0.08446405141239255,1.0,0.0
0.35922435789716256,0.08782904990234687,1.0,0.0
0.35922435789716256,0.09119404839230119,1.0,0.0
0.35922435789716256,0.09455904688225551,1.0,0.0
0.35922435789716256,0.09792404537220983,1.0,0.0
0.35922435789716256,0.10128904386216417,1.0,0.0
0.35922435789716256,0.10465404235211849,1.0,0.0
0.35922435789716256,0.10801904084207281,1.0,0.0
0.35922435789716256,0.11138403933202715,1.0,0.0
0.35922435789716256,0.11474903782198147,1.0,0.0
0.35922435789716256,0.11811403631193579,1.0,0.0
0.35922435789716256,0.12147903480189011,1.0,0.0
0.35922435789716256,0.12484403329184443,1.0,0.0
0.35922435789716256,0.12820903178179877,1.0,0.0
0.35922435789716256,0.13157403027175307,1.0,0.0
0.35922435789716256,0.1349390287617074,1.0,0.0
0.35922435789716256,0.13830402725166174,1.0,0.0
0.35922435789716256,0.14166902574161605,1.0,0.0
0.35922435789716256,0.14503402423157039,1.0,0.0
0.35922435789716256,0.14839902272152472,1.0,0.0
0.35922435789716256,0.15176402121147903,1.0,0.0
0.35922435789716256,0.15512901970143336,1.0,0.0
0.35922435789716256,0.1584940181913877,1.0,0.0
0.35922435789716256,0.161859016681342,1.0,0.0
0.35922435789716256,0.16522401517129634,1.0,0.0
0.35922435789716256,0.16858901366125065,1.0,0.0
0.35922435789716256,0.17195401215120498,1.0,0.0
0.35922435789716256,0.17531901064115932,1.0,0.0
0.35922435789716256,0.17868400913111362,1.0,0.0
0.35922435789716256,0.18204900762106796,1.0,0.0
0.35922435789716256,0.18541400611102227,1.0,0.0
0.35922435789716256,0.1887790046009766,1.0,0.0
0.35922435789716256,0.19214400309093094,1.0,0.0
0.35922435789716256,0.19550900158088524,1.0,0.0
0.35922435789716256,0.19887400007083958,1.0,0.0
0.35922435789716256,0.20223899856079391,1.0,0.0
0.35922435789716256,0.20560399705074822,1.0,0.0
0.35922435789716256,0.20896899554070256,1.0,0.0
0.35922435789716256,0.2123339940306569,1.0,0.0
0.35922435789716256,0.2156989925206112,1.0,0.0
0.35922435789716256,0.21906399101056553,1.0,0.0
0.35922435789716256,0.22242898950051984,1.0,0.0
0.35922435789716256,0.22579398799047418,1.0,0.0
0.35922435789716256,0.2291589864804285,1.0,0.0
0.36258935638711687,0.030624075573123348,1.0,0.0
0.36258935638711687,0.033989074063077676,1.0,0.0
0.36258935638711687,0.037354072553032,1.0,0.0
0.36258935638711687,0.04071907104298632,1.0,0.0
0.36258935638711687,0.044084069532940647,1.0,0.0
0.36258935638711687,0.047449068022894975,1.0,0.0
0.36258935638711687,0.050814066512849296,1.0,0.0
0.36258935638711687,0.05417906500280362,1.0,0.0
0.36258935638711687,0.057544063492757945,1.0,0.0
0.36258935638711687,0.06090906198271227,1.0,0.0
0.36258935638711687,0.0642740604726666,1.0,0.0
0.36258935638711687,0.06763905896262092,1.0,0.0
0.36258935638711687,0.07100405745257524,1.0,0.0
0.36258935638711687,0.07436905594252957,1.0,0.0
0.36258935638711687,0.07773405443248389,1.0,0.0
0.36258935638711687,0.08109905292243821,1.0,0.0
0.36258935638711687,0.08446405141239255,1.0,0.0
0.36258935638711687,0.08782904990234687,1.0,0.0
0.36258935638711687,0.09119404839230119,1.0,0.0
0.36258935638711687,0.09455904688225551,1.0,0.0
0.36258935638711687,0.09792404537220983,1.0,0.0
0.36258935638711687,0.10128904386216417,1.0,0.0
0.36258935638711687,0.10465404235211849,1.0,0.0
0.36258935638711687,0.10801904084207281,1.0,0.0
0.36258935638711687,0.11138403933202715,1.0,0.0
0.36258935638711687,0.11474903782198147,1.0,0.0
0.36258935638711687,0.11811403631193579,1.0,0.0
0.36258935638711687,0.12147903480189011,1.0,0.0
0.36258935638711687,0.12484403329184443,1.0,0.0
0.36258935638711687,0.12820903178179877,1.0,0.0
0.36258935638711687,0.13157403027175307,1.0,0.0
0.36258935638711687,0.1349390287617074,1.0,0.0
0.36258935638711687,0.13830402725166174,1.0,0.0
0.36258935638711687,0.14166902574161605,1.0,0.0
0.36258935638711687,0.14503402423157039,1.0,0.0
0.36258935638711687,0.14839902272152472,1.0,0.0
0.36258935638711687,0.15176402121147903,1.0,0.0
0.36258935638711687,0.15512901970143336,1.0,0.0
0.36258935638711687,0.1584940181913877,1.0,0.0
0.36258935638711687,0.161859016681342,1.0,0.0
0.36258935638711687,0.16522401517129634,1.0,0.0
0.36258935638711687,0.16858901366125065,1.0,0.0
0.36258935638711687,0.17195401215120498,1.0,0.0
0.36258935638711687,0.17531901064115932,1.0,0.0
0.36258935638711687,0.17868400913111362,1.0,0.0
0.36258935638711687,0.18204900762106796,1.0,0.0
0.36258935638711687,0.18541400611102227,1.0,0.0
0.36258935638711687,0.1887790046009766,1.0,0.0
0.36258935638711687,0.19214400309093094,1.0,0.0
0.36258935638711687,0.19550900158088524,1.0,0.0
0.36258935638711687,0.19887400007083958,1.0,0.0
0.36258935638711687,0.20223899856079391,1.0,0.0
0.36258935638711687,0.20560399705074822,1.0,0.0
0.36258935638711687,0.20896899554070256,1.0,0.0
0.36258935638711687,0.2123339940306569,1.0,0.0
0.36258935638711687,0.2156989925206112,1.0,0.0
0.36258935638711687,0.21906399101056553,1.0,0.0
0.36258935638711687,0.22242898950051984,1.0,0.0
0.36258935638711687,0.22579398799047418,1.0,0.0
0.36258935638711687,0.2291589864804285,1.0,0.0
0.36595435487707123,0.030624075573123348,1.0,0.0
0.36595435487707123,0.033989074063077676,1.0,0.0
0.36595435487707123,0.037354072553032,1.0,0.0
0.36595435487707123,0.04071907104298632,1.0,0.0
0.36595435487707123,0.044084069532940647,1.0,0.0
0.36595435487707123,0.047449068022894975,1.0,0.0
0.36595435487707123,0.050814066512849296,1.0,0.0
0.36595435487707123,0.05417906500280362,1.0,0.0
0.36595435487707123,0.057544063492757945,1.0,0.0
0.36595435487707123,0.06090906198271227,1.0,0.0
0.36595435487707123,0.0642740604726666,1.0,0.0
0.36595435487707123,0.06763905896262092,1.0,0.0
0.36595435487707123,0.07100405745257524,1.0,0.0
0.36595435487707123,0.07436905594252957,1.0,0.0
0.36595435487707123,0.07773405443248389,1.0,0.0
0.36595435487707123,0.08109905292243821,1.0,0.0
0.36595435487707123,0.08446405141239255,1.0,0.0
0.36595435487707123,0.08782904990234687,1.0,0.0
0.36595435487707123,0.09119404839230119,1.0,0.0
0.36595435487707123,0.09455904688225551,1.0,0.0
0.36595435487707123,0.09792404537220983,1.0,0.0
0.36595435487707123,0.10128904386216417,1.0,0.0
0.36595435487707123,0.10465404235211849,1.0,0.0
0.36595435487707123,0.10801904084207281,1.0,0.0
0.36595435487707123,0.11138403933202715,1.0,0.0
0.36595435487707123,0.11474903782198147,1.0,0.0
0.36595435487707123,0.11811403631193579,1.0,0.0
0.36595435487707123,0.12147903480189011,1.0,0.0
0.36595435487707123,0.12484403329184443,1.0,0.0
0.36595435487707123,0.12820903178179877,1.0,0.0
0.36595435487707123,0.13157403027175307,1.0,0.0
0.36595435487707123,0.1349390287617074,1.0,0.0
0.36595435487707123,0.13830402725166174,1.0,0.0
0.36595435487707123,0.14166902574161605,1.0,0.0
0.36595435487707123,0.14503402423157039,1.0,0.0
0.36595435487707123,0.14839902272152472,1.0,0.0
0.36595435487707123,0.15176402121147903,1.0,0.0
0.36595435487707123,0.15512901970143336,1.0,0.0
0.36595435487707123,0.1584940181913877,1.0,0.0
0.36595435487707123,0.161859016681342,1.0,0.0
0.36595435487707123,0.16522401517129634,1.0,0.0
0.36595435487707123,0.16858901366125065,1.0,0.0
0.36595435487707123,0.17195401215120498,1.0,0.0
0.36595435487707123,0.17531901064115932,1.0,0.0
0.36595435487707123,0.17868400913111362,1.0,0.0
0.36595435487707123,0.18204900762106796,1.0,0.0
0.36595435487707123,0.18541400611102227,1.0,0.0
0.36595435487707123,0.1887790046009766,1.0,0.0
0.36595435487707123,0.19214400309093094,1.0,0.0
0.36595435487707123,0.19550900158088524,1.0,0.0
0.36595435487707123,0.19887400007083958,1.0,0.0
0.36595435487707123,0.20223899856079391,1.0,0.0
0.36595435487707123,0.20560399705074822,1.0,0.0
0.36595435487707123,0.20896899554070256,1.0,0.0
0.36595435487707123,0.2123339940306569,1.0,0.0
0.36595435487707123,0.2156989925206112,1.0,0.0
0.36595435487707123,0.21906399101056553,1.0,0.0
0.36595435487707123,0.22242898950051984,1.0,0.0
0.36595435487707123,0.22579398799047418,1.0,0.0
0.36595435487707123,0.2291589864804285,1.0,0.0
0.36931935336702554,0.030624075573123348,1.0,0.0
0.36931935336702554,0.033989074063077676,1.0,0.0
0.36931935336702554,0.037354072553032,1.0,0.0
0.36931935336702554,0.04071907104298632,1.0,0.0
0.36931935336702554,0.044084069532940647,1.0,0.0
0.36931935336702554,0.047449068022894975,1.0,0.0
0.36931935336702554,0.050814066512849296,1.0,0.0
0.36931935336702554,0.05417906500280362,1.0,0.0
0.36931935336702554,0.057544063492757945,1.0,0.0
0.36931935336702554,0.06090906198271227,1.0,0.0
0.36931935336702554,0.0642740604726666,1.0,0.0
0.36931935336702554,0.06763905896262092,1.0,0.0
0.36931935336702554,0.07100405745257524,1.0,0.0
0.36931935336702554,0.07436905594252957,1.0,0.0
0.36931935336702554,0.07773405443248389,1.0,0.0
0.36931935336702554,0.08109905292243821,1.0,0.0
0.36931935336702554,0.08446405141239255,1.0,0.0
0.36931935336702554,0.08782904990234687,1.0,0.0
0.36931935336702554,0.09119404839230119,1.0,0.0
0.36931935336702554,0.09455904688225551,1.0,0.0
0.36931935336702554,0.09792404537220983,1.0,0.0
0.36931935336702554,0.10128904386216417,1.0,0.0
0.36931935336702554,0.10465404235211849,1.0,0.0
0.36931935336702554,0.10801904084207281,1.0,0.0
0.36931935336702554,0.11138403933202715,1.0,0.0
0.36931935336702554,0.11474903782198147,1.0,0.0
0.36931935336702554,0.11811403631193579,1.0,0.0
0.36931935336702554,0.12147903480189011,1.0,0.0
0.36931935336702554,0.12484403329184443,1.0,0.0
0.36931935336702554,0.12820903178179877,1.0,0.0
0.36931935336702554,0.13157403027175307,1.0,0.0
0.36931935336702554,0.1349390287617074,1.0,0.0
0.36931935336702554,0.13830402725166174,1.0,0.0
0.36931935336702554,0.14166902574161605,1.0,0.0
0.36931935336702554,0.14503402423157039,1.0,0.0
0.36931935336702554,0.14839902272152472,1.0,0.0
0.36931935336702554,0.15176402121147903,1.0,0.0
0.36931935336702554,0.15512901970143336,1.0,0.0
0.36931935336702554,0.1584940181913877,1.0,0.0
0.36931935336702554,0.161859016681342,1.0,0.0
0.36931935336702554,0.16522401517129634,1.0,0.0
0.36931935336702554,0.16858901366125065,1.0,0.0
0.36931935336702554,0.17195401215120498,1.0,0.0
0.36931935336702554,0.17531901064115932,1.0,0.0
0.36931935336702554,0.17868400913111362,1.0,0.0
0.36931935336702554,0.18204900762106796,1.0,0.0
0.36931935336702554,0.18541400611102227,1.0,0.0
0.36931935336702554,0.1887790046009766,1.0,0.0
0.36931935336702554,0.19214400309093094,1.0,0.0
0.36931935336702554,0.19550900158088524,1.0,0.0
0.36931935336702554,0.19887400007083958,1.0,0.0
0.36931935336702554,0.20223899856079391,1.0,0.0
0.36931935336702554,0.20560399705074822,1.0,0.0
0.36931935336702554,0.20896899554070256,1.0,0.0
0.36931935336702554,0.2123339940306569,1.0,0.0
0.36931935336702554,0.2156989925206112,1.0,0.0
0.36931935336702554,0.21906399101056553,1.0,0.0
0.36931935336702554,0.22242898950051984,1.0,0.0
0.36931935336702554,0.22579398799047418,1.0,0.0
0.3726843518569799,0.033989074063077676,1.0,0.0
0.3726843518569799,0.037354072553032,1.0,0.0
0.3726843518569799,0.04071907104298632,1.0,0.0
0.3726843518569799,0.044084069532940647,1.0,0.0
0.3726843518569799,0.047449068022894975,1.0,0.0
0.3726843518569799,0.050814066512849296,1.0,0.0
0.3726843518569799,0.05417906500280362,1.0,0.0
0.3726843518569799,0.057544063492757945,1.0,0.0
0.3726843518569799,0.06090906198271227,1.0,0.0
0.3726843518569799,0.0642740604726666,1.0,0.0
0.3726843518569799,0.06763905896262092,1.0,0.0
0.3726843518569799,0.07100405745257524,1.0,0.0
0.3726843518569799,0.07436905594252957,1.0,0.0
0.3726843518569799,0.07773405443248389,1.0,0.0
0.3726843518569799,0.08109905292243821,1.0,0.0
0.3726843518569799,0.08446405141239255,1.0,0.0
0.3726843518569799,0.08782904990234687,1.0,0.0
0.3726843518569799,0.09119404839230119,1.0,0.0
0.3726843518569799,0.09455904688225551,1.0,0.0
0.3726843518569799,0.09792404537220983,1.0,0.0
0.3726843518569799,0.10128904386216417,1.0,0.0
0.3726843518569799,0.10465404235211849,1.0,0.0
0.3726843518569799,0.10801904084207281,1.0,0.0
0.3726843518569799,0.11138403933202715,1.0,0.0
0.3726843518569799,0.11474903782198147,1.0,0.0
0.3726843518569799,0.11811403631193579,1.0,0.0
0.3726843518569799,0.12147903480189011,1.0,0.0
0.3726843518569799,0.12484403329184443,1.0,0.0
0.3726843518569799,0.12820903178179877,1.0,0.0
0.3726843518569799,0.13157403027175307,1.0,0.0
0.3726843518569799,0.1349390287617074,1.0,0.0
0.3726843518569799,0.13830402725166174,1.0,0.0
0.3726843518569799,0.14166902574161605,1.0,0.0
0.3726843518569799,0.14503402423157039,1.0,0.0
0.3726843518569799,0.14839902272152472,1.0,0.0
0.3726843518569799,0.15176402121147903,1.0,0.0
0.3726843518569799,0.15512901970143336,1.0,0.0
0.3726843518569799,0.1584940181913877,1.0,0.0
0.3726843518569799,0.161859016681342,1.0,0.0
0.3726843518569799,0.16522401517129634,1.0,0.0
0.3726843518569799,0.16858901366125065,1.0,0.0
0.3726843518569799,0.17195401215120498,1.0,0.0
0.3726843518569799,0.17531901064115932,1.0,0.0
0.3726843518569799,0.17868400913111362,1.0,0.0
0.3726843518569799,0.18204900762106796,1.0,0.0
0.3726843518569799,0.18541400611102227,1.0,0.0
0.3726843518569799,0.1887790046009766,1.0,0.0
0.3726843518569799,0.19214400309093094,1.0,0.0
0.3726843518569799,0.19550900158088524,1.0,0.0
0.3726843518569799,0.19887400007083958,1.0,0.0
0.3726843518569799,0.20223899856079391,1.0,0.0
0.3726843518569799,0.20560399705074822,1.0,0.0
0.3726843518569799,0.20896899554070256,1.0,0.0
0.3726843518569799,0.2123339940306569,1.0,0.0
0.3726843518569799,0.2156989925206112,1.0,0.0
0.3726843518569799,0.21906399101056553,1.0,0.0
0.3726843518569799,0.22242898950051984,1.0,0.0
0.3726843518569799,0.22579398799047418,1.0,0.0
0.3760493503469342,0.033989074063077676,1.0,0.0
0.3760493503469342,0.037354072553032,1.0,0.0
0.3760493503469342,0.04071907104298632,1.0,0.0
0.3760493503469342,0.044084069532940647,1.0,0.0
0.3760493503469342,0.047449068022894975,1.0,0.0
0.3760493503469342,0.050814066512849296,1.0,0.0
0.3760493503469342,0.05417906500280362,1.0,0.0
0.3760493503469342,0.057544063492757945,1.0,0.0
0.3760493503469342,0.06090906198271227,1.0,0.0
0.3760493503469342,0.0642740604726666,1.0,0.0
0.3760493503469342,0.06763905896262092,1.0,0.0
0.3760493503469342,0.07100405745257524,1.0,0.0
0.3760493503469342,0.07436905594252957,1.0,0.0
0.3760493503469342,0.07773405443248389,1.0,0.0
0.3760493503469342,0.08109905292243821,1.0,0.0
0.3760493503469342,0.08446405141239255,1.0,0.0
0.3760493503469342,0.08782904990234687,1.0,0.0
0.3760493503469342,0.09119404839230119,1.0,0.0
0.3760493503469342,0.09455904688225551,1.0,0.0
0.3760493503469342,0.09792404537220983,1.0,0.0
0.3760493503469342,0.10128904386216417,1.0,0.0
0.3760493503469342,0.10465404235211849,1.0,0.0
0.3760493503469342,0.10801904084207281,1.0,0.0
0.3760493503469342,0.11138403933202715,1.0,0.0
0.3760493503469342,0.11474903782198147,1.0,0.0
0.3760493503469342,0.11811403631193579,1.0,0.0
0.3760493503469342,0.12147903480189011,1.0,0.0
0.3760493503469342,0.12484403329184443,1.0,0.0
0.3760493503469342,0.12820903178179877,1.0,0.0
0.3760493503469342,0.13157403027175307,1.0,0.0
0.3760493503469342,0.1349390287617074,1.0,0.0
0.3760493503469342,0.13830402725166174,1.0,0.0
0.3760493503469342,0.14166902574161605,1.0,0.0
0.3760493503469342,0.14503402423157039,1.0,0.0
0.3760493503469342,0.14839902272152472,1.0,0.0
0.3760493503469342,0.15176402121147903,1.0,0.0
0.3760493503469342,0.15512901970143336,1.0,0.0
0.3760493503469342,0.1584940181913877,1.0,0.0
0.3760493503469342,0.161859016681342,1.0,0.0
0.3760493503469342,0.16522401517129634,1.0,0.0
0.3760493503469342,0.16858901366125065,1.0,0.0
0.3760493503469342,0.17195401215120498,1.0,0.0
0.3760493503469342,0.17531901064115932,1.0,0.0
0.3760493503469342,0.17868400913111362,1.0,0.0
0.3760493503469342,0.18204900762106796,1.0,0.0
0.3760493503469342,0.18541400611102227,1.0,0.0
0.3760493503469342,0.1887790046009766,1.0,0.0
0.3760493503469342,0.19214400309093094,1.0,0.0
0.3760493503469342,0.19550900158088524,1.0,0.0
0.3760493503469342,0.19887400007083958,1.0,0.0
0.3760493503469342,0.20223899856079391,1.0,0.0
0.3760493503469342,0.20560399705074822,1.0,0.0
0.3760493503469342,0.20896899554070256,1.0,0.0
0.3760493503469342,0.2123339940306569,1.0,0.0
0.3760493503469342,0.2156989925206112,1.0,0.0
0.3760493503469342,0.21906399101056553,1.0,0.0
0.3760493503469342,0.22242898950051984,1.0,0.0
0.3794143488368885,0.033989074063077676,1.0,0.0
0.3794143488368885,0.037354072553032,1.0,0.0
0.3794143488368885,0.04071907104298632,1.0,0.0
0.3794143488368885,0.044084069532940647,1.0,0.0
0.3794143488368885,0.047449068022894975,1.0,0.0
0.3794143488368885,0.050814066512849296,1.0,0.0
0.3794143488368885,0.05417906500280362,1.0,0.0
0.3794143488368885,0.057544063492757945,1.0,0.0
0.3794143488368885,0.06090906198271227,1.0,0.0
0.3794143488368885,0.0642740604726666,1.0,0.0
0.3794143488368885,0.06763905896262092,1.0,0.0
0.3794143488368885,0.07100405745257524,1.0,0.0
0.3794143488368885,0.07436905594252957,1.0,0.0
0.3794143488368885,0.07773405443248389,1.0,0.0
0.3794143488368885,0.08109905292243821,1.0,0.0
0.3794143488368885,0.08446405141239255,1.0,0.0
0.3794143488368885,0.08782904990234687,1.0,0.0
0.3794143488368885,0.09119404839230119,1.0,0.0
0.3794143488368885,0.09455904688225551,1.0,0.0
0.3794143488368885,0.09792404537220983,1.0,0.0
0.3794143488368885,0.10128904386216417,1.0,0.0
0.3794143488368885,0.10465404235211849,1.0,0.0
0.3794143488368885,0.10801904084207281,1.0,0.0
0.3794143488368885,0.11138403933202715,1.0,0.0
0.3794143488368885,0.11474903782198147,1.0,0.0
0.3794143488368885,0.11811403631193579,1.0,0.0
0.3794143488368885,0.12147903480189011,1.0,0.0
0.3794143488368885,0.12484403329184443,1.0,0.0
0.3794143488368885,0.12820903178179877,1.0,0.0
0.3794143488368885,0.13157403027175307,1.0,0.0
0.3794143488368885,0.1349390287617074,1.0,0.0
0.3794143488368885,0.13830402725166174,1.0,0.0
0.3794143488368885,0.14166902574161605,1.0,0.0
0.3794143488368885,0.14503402423157039,1.0,0.0
0.3794143488368885,0.14839902272152472,1.0,0.0
0.3794143488368885,0.15176402121147903,1.0,0.0
0.3794143488368885,0.15512901970143336,1.0,0.0
0.3794143488368885,0.1584940181913877,1.0,0.0
0.3794143488368885,0.161859016681342,1.0,0.0
0.3794143488368885,0.16522401517129634,1.0,0.0
0.3794143488368885,0.16858901366125065,1.0,0.0
0.3794143488368885,0.17195401215120498,1.0,0.0
0.3794143488368885,0.17531901064115932,1.0,0.0
0.3794143488368885,0.17868400913111362,1.0,0.0
0.3794143488368885,0.18204900762106796,1.0,0.0
0.3794143488368885,0.18541400611102227,1.0,0.0
0.3794143488368885,0.1887790046009766,1.0,0.0
0.3794143488368885,0.19214400309093094,1.0,0.0
0.3794143488368885,0.19550900158088524,1.0,0.0
0.3794143488368885,0.19887400007083958,1.0,0.0
0.3794143488368885,0.20223899856079391,1.0,0.0
0.3794143488368885,0.20560399705074822,1.0,0.0
0.3794143488368885,0.20896899554070256,1.0,0.0
0.3794143488368885,0.2123339940306569,1.0,0.0
0.3794143488368885,0.2156989925206112,1.0,0.0
0.3794143488368885,0.21906399101056553,1.0,0.0
0.3794143488368885,0.22242898950051984,1.0,0.0
0.3827793473268429,0.037354072553032,1.0,0.0
0.3827793473268429,0.04071907104298632,1.0,0.0
0.3827793473268429,0.044084069532940647,1.0,0.0
0.3827793473268429,0.047449068022894975,1.0,0.0
0.3827793473268429,0.050814066512849296,1.0,0.0
0.3827793473268429,0.05417906500280362,1.0,0.0
0.3827793473268429,0.057544063492757945,1.0,0.0
0.3827793473268429,0.06090906198271227,1.0,0.0
0.3827793473268429,0.0642740604726666,1.0,0.0
0.3827793473268429,0.06763905896262092,1.0,0.0
0.3827793473268429,0.07100405745257524,1.0,0.0
0.3827793473268429,0.07436905594252957,1.0,0.0
0.3827793473268429,0.07773405443248389,1.0,0.0
0.3827793473268429,0.08109905292243821,1.0,0.0
0.3827793473268429,0.08446405141239255,1.0,0.0
0.3827793473268429,0.08782904990234687,1.0,0.0
0.3827793473268429,0.09119404839230119,1.0,0.0
0.3827793473268429,0.09455904688225551,1.0,0.0
0.3827793473268429,0.09792404537220983,1.0,0.0
0.3827793473268429,0.10128904386216417,1.0,0.0
0.3827793473268429,0.10465404235211849,1.0,0.0
0.3827793473268429,0.10801904084207281,1.0,0.0
0.3827793473268429,0.11138403933202715,1.0,0.0
0.3827793473268429,0.11474903782198147,1.0,0.0
0.3827793473268429,0.11811403631193579,1.0,0.0
0.3827793473268429,0.12147903480189011,1.0,0.0
0.3827793473268429,0.12484403329184443,1.0,0.0
0.3827793473268429,0.12820903178179877,1.0,0.0
0.3827793473268429,0.13157403027175307,1.0,0.0
0.3827793473268429,0.1349390287617074,1.0,0.0
0.3827793473268429,0.13830402725166174,1.0,0.0
0.3827793473268429,0.14166902574161605,1.0,0.0
0.3827793473268429,0.14503402423157039,1.0,0.0
0.3827793473268429,0.14839902272152472,1.0,0.0
0.3827793473268429,0.15176402121147903,1.0,0.0
0.3827793473268429,0.15512901970143336,1.0,0.0
0.3827793473268429,0.1584940181913877,1.0,0.0
0.3827793473268429,0.161859016681342,1.0,0.0
0.3827793473268429,0.16522401517129634,1.0,0.0
0.3827793473268429,0.16858901366125065,1.0,0.0
0.3827793473268429,0.17195401215120498,1.0,0.0
0.3827793473268429,0.17531901064115932,1.0,0.0
0.3827793473268429,0.17868400913111362,1.0,0.0
0.3827793473268429,0.18204900762106796,1.0,0.0
0.3827793473268429,0.18541400611102227,1.0,0.0
0.3827793473268429,0.1887790046009766,1.0,0.0
0.3827793473268429,0.19214400309093094,1.0,0.0
0.3827793473268429,0.19550900158088524,1.0,0.0
0.3827793473268429,0.19887400007083958,1.0,0.0
0.3827793473268429,0.20223899856079391,1.0,0.0
0.3827793473268429,0.20560399705074822,1.0,0.0
0.3827793473268429,0.20896899554070256,1.0,0.0
0.3827793473268429,0.2123339940306569,1.0,0.0
0.3827793473268429,0.2156989925206112,1.0,0.0
0.3827793473268429,0.21906399101056553,1.0,0.0
0.3827793473268429,0.22242898950051984,1.0,0.0
0.3827793473268429,0.22579398799047418,1.0,0.0
0.3827793473268429,0.2291589864804285,1.0,0.0
0.3861443458167972,0.037354072553032,1.0,0.0
0.3861443458167972,0.04071907104298632,1.0,0.0
0.3861443458167972,0.044084069532940647,1.0,0.0
0.3861443458167972,0.047449068022894975,1.0,0.0
0.3861443458167972,0.050814066512849296,1.0,0.0
0.3861443458167972,0.05417906500280362,1.0,0.0
0.3861443458167972,0.057544063492757945,1.0,0.0
0.3861443458167972,0.06090906198271227,1.0,0.0
0.3861443458167972,0.0642740604726666,1.0,0.0
0.3861443458167972,0.06763905896262092,1.0,0.0
0.3861443458167972,0.07100405745257524,1.0,0.0
0.3861443458167972,0.07436905594252957,1.0,0.0
0.3861443458167972,0.07773405443248389,1.0,0.0
0.3861443458167972,0.08109905292243821,1.0,0.0
0.3861443458167972,0.08446405141239255,1.0,0.0
0.3861443458167972,0.08782904990234687,1.0,0.0
0.3861443458167972,0.09119404839230119,1.0,0.0
0.3861443458167972,0.09455904688225551,1.0,0.0
0.3861443458167972,0.09792404537220983,1.0,0.0
0.3861443458167972,0.10128904386216417,1.0,0.0
0.3861443458167972,0.10465404235211849,1.0,0.0
0.3861443458167972,0.10801904084207281,1.0,0.0
0.3861443458167972,0.11138403933202715,1.0,0.0
0.3861443458167972,0.11474903782198147,1.0,0.0
0.3861443458167972,0.11811403631193579,1.0,0.0
0.3861443458167972,0.12147903480189011,1.0,0.0
0.3861443458167972,0.12484403329184443,1.0,0.0
0.3861443458167972,0.12820903178179877,1.0,0.0
0.3861443458167972,0.13157403027175307,1.0,0.0
0.3861443458167972,0.1349390287617074,1.0,0.0
0.3861443458167972,0.13830402725166174,1.0,0.0
0.3861443458167972,0.14166902574161605,1.0,0.0
0.3861443458167972,0.14503402423157039,1.0,0.0
0.3861443458167972,0.14839902272152472,1.0,0.0
0.3861443458167972,0.15176402121147903,1.0,0.0
0.3861443458167972,0.15512901970143336,1.0,0.0
0.3861443458167972,0.1584940181913877,1.0,0.0
0.3861443458167972,0.161859016681342,1.0,0.0
0.3861443458167972,0.16522401517129634,1.0,0.0
0.3861443458167972,0.16858901366125065,1.0,0.0
0.3861443458167972,0.17195401215120498,1.0,0.0
0.3861443458167972,0.17531901064115932,1.0,0.0
0.3861443458167972,0.17868400913111362,1.0,0.0
0.3861443458167972,0.18204900762106796,1.0,0.0
0.3861443458167972,0.18541400611102227,1.0,0.0
0.3861443458167972,0.1887790046009766,1.0,0.0
0.3861443458167972,0.19214400309093094,1.0,0.0
0.3861443458167972,0.19550900158088524,1.0,0.0
0.3861443458167972,0.19887400007083958,1.0,0.0
0.3861443458167972,0.20223899856079391,1.0,0.0
0.3861443458167972,0.20560399705074822,1.0,0.0
0.3861443458167972,0.20896899554070256,1.0,0.0
0.3861443458167972,0.2123339940306569,1.0,0.0
0.3861443458167972,0.2156989925206112,1.0,0.0
0.3861443458167972,0.21906399101056553,1.0,0.0
0.3861443458167972,0.22242898950051984,1.0,0.0
0.3861443458167972,0.22579398799047418,1.0,0.0
0.3861443458167972,0.2291589864804285,1.0,0.0
0.38950934430675155,0.04071907104298632,1.0,0.0
0.38950934430675155,0.044084069532940647,1.0,0.0
0.38950934430675155,0.047449068022894975,1.0,0.0
0.38950934430675155,0.050814066512849296,1.0,0.0
0.38950934430675155,0.05417906500280362,1.0,0.0
0.38950934430675155,0.057544063492757945,1.0,0.0
0.38950934430675155,0.06090906198271227,1.0,0.0
0.38950934430675155,0.0642740604726666,1.0,0.0
0.38950934430675155,0.06763905896262092,1.0,0.0
0.38950934430675155,0.07100405745257524,1.0,0.0
0.38950934430675155,0.07436905594252957,1.0,0.0
0.38950934430675155,0.07773405443248389,1.0,0.0
0.38950934430675155,0.08109905292243821,1.0,0.0
0.38950934430675155,0.08446405141239255,1.0,0.0
0.38950934430675155,0.08782904990234687,1.0,0.0
0.38950934430675155,0.09119404839230119,1.0,0.0
0.38950934430675155,0.09455904688225551,1.0,0.0
0.38950934430675155,0.09792404537220983,1.0,0.0
0.38950934430675155,0.10128904386216417,1.0,0.0
0.38950934430675155,0.10465404235211849,1.0,0.0
0.38950934430675155,0.10801904084207281,1.0,0.0
0.38950934430675155,0.11138403933202715,1.0,0.0
0.38950934430675155,0.11474903782198147,1.0,0.0
0.38950934430675155,0.11811403631193579,1.0,0.0
0.38950934430675155,0.12147903480189011,1.0,0.0
0.38950934430675155,0.12484403329184443,1.0,0.0
0.38950934430675155,0.12820903178179877,1.0,0.0
0.38950934430675155,0.13157403027175307,1.0,0.0
0.38950934430675155,0.1349390287617074,1.0,0.0
0.38950934430675155,0.13830402725166174,1.0,0.0
0.38950934430675155,0.14166902574161605,1.0,0.0
0.38950934430675155,0.14503402423157039,1.0,0.0
0.38950934430675155,0.14839902272152472,1.0,0.0
0.38950934430675155,0.15176402121147903,1.0,0.0
0.38950934430675155,0.15512901970143336,1.0,0.0
0.38950934430675155,0.1584940181913877,1.0,0.0
0.38950934430675155,0.161859016681342,1.0,0.0
0.38950934430675155,0.16522401517129634,1.0,0.0
0.38950934430675155,0.16858901366125065,1.0,0.0
0.38950934430675155,0.17195401215120498,1.0,0.0
0.38950934430675155,0.17531901064115932,1.0,0.0
0.38950934430675155,0.17868400913111362,1.0,0.0
0.38950934430675155,0.18204900762106796,1.0,0.0
0.38950934430675155,0.18541400611102227,1.0,0.0
0.38950934430675155,0.1887790046009766,1.0,0.0
0.38950934430675155,0.19214400309093094,1.0,0.0
0.38950934430675155,0.19550900158088524,1.0,0.0
0.38950934430675155,0.19887400007083958,1.0,0.0
0.38950934430675155,0.20223899856079391,1.0,0.0
0.38950934430675155,0.20560399705074822,1.0,0.0
0.38950934430675155,0.20896899554070256,1.0,0.0
0.38950934430675155,0.2123339940306569,1.0,0.0
0.38950934430675155,0.2156989925206112,1.0,0.0
0.38950934430675155,0.22242898950051984,1.0,0.0
0.38950934430675155,0.22579398799047418,1.0,0.0
0.38950934430675155,0.2291589864804285,1.0,0.0
0.39287434279670586,0.04071907104298632,1.0,0.0
0.39287434279670586,0.044084069532940647,1.0,0.0
0.39287434279670586,0.047449068022894975,1.0,0.0
0.39287434279670586,0.050814066512849296,1.0,0.0
0.39287434279670586,0.05417906500280362,1.0,0.0
0.39287434279670586,0.057544063492757945,1.0,0.0
0.39287434279670586,0.06090906198271227,1.0,0.0
0.39287434279670586,0.0642740604726666,1.0,0.0
0.39287434279670586,0.06763905896262092,1.0,0.0
0.39287434279670586,0.07100405745257524,1.0,0.0
0.39287434279670586,0.07436905594252957,1.0,0.0
0.39287434279670586,0.07773405443248389,1.0,0.0
0.39287434279670586,0.08109905292243821,1.0,0.0
0.39287434279670586,0.08446405141239255,1.0,0.0
0.39287434279670586,0.08782904990234687,1.0,0.0
0.39287434279670586,0.09119404839230119,1.0,0.0
0.39287434279670586,0.09455904688225551,1.0,0.0
0.39287434279670586,0.09792404537220983,1.0,0.0
0.39287434279670586,0.10128904386216417,1.0,0.0
0.39287434279670586,0.10465404235211849,1.0,0.0
0.39287434279670586,0.10801904084207281,1.0,0.0
0.39287434279670586,0.11138403933202715,1.0,0.0
0.39287434279670586,0.11474903782198147,1.0,0.0
0.39287434279670586,0.11811403631193579,1.0,0.0
0.39287434279670586,0.12147903480189011,1.0,0.0
0.39287434279670586,0.12484403329184443,1.0,0.0
0.39287434279670586,0.12820903178179877,1.0,0.0
0.39287434279670586,0.13157403027175307,1.0,0.0
0.39287434279670586,0.1349390287617074,1.0,0.0
0.39287434279670586,0.13830402725166174,1.0,0.0
0.39287434279670586,0.14166902574161605,1.0,0.0
0.39287434279670586,0.14503402423157039,1.0,0.0
0.39287434279670586,0.14839902272152472,1.0,0.0
0.39287434279670586,0.15176402121147903,1.0,0.0
0.39287434279670586,0.15512901970143336,1.0,0.0
0.39287434279670586,0.1584940181913877,1.0,0.0
0.39287434279670586,0.161859016681342,1.0,0.0
0.39287434279670586,0.16522401517129634,1.0,0.0
0.39287434279670586,0.16858901366125065,1.0,0.0
0.39287434279670586,0.17195401215120498,1.0,0.0
0.39287434279670586,0.17531901064115932,1.0,0.0
0.39287434279670586,0.17868400913111362,1.0,0.0
0.39287434279670586,0.18204900762106796,1.0,0.0
0.39287434279670586,0.18541400611102227,1.0,0.0
0.39287434279670586,0.1887790046009766,1.0,0.0
0.39287434279670586,0.19214400309093094,1.0,0.0
0.39287434279670586,0.19550900158088524,1.0,0.0
0.39287434279670586,0.19887400007083958,1.0,0.0
0.39287434279670586,0.20223899856079391,1.0,0.0
0.39287434279670586,0.20560399705074822,1.0,0.0
0.39287434279670586,0.20896899554070256,1.0,0.0
0.39287434279670586,0.2123339940306569,1.0,0.0
0.39287434279670586,0.2156989925206112,1.0,0.0
0.39287434279670586,0.22579398799047418,1.0,0.0
0.39287434279670586,0.2291589864804285,1.0,0.0
0.39287434279670586,0.23252398497038282,1.0,0.0
0.39623934128666016,0.04071907104298632,1.0,0.0
0.39623934128666016,0.044084069532940647,1.0,0.0
0.39623934128666016,0.047449068022894975,1.0,0.0
0.39623934128666016,0.050814066512849296,1.0,0.0
0.39623934128666016,0.05417906500280362,1.0,0.0
0.39623934128666016,0.057544063492757945,1.0,0.0
0.39623934128666016,0.06090906198271227,1.0,0.0
0.39623934128666016,0.0642740604726666,1.0,0.0
0.39623934128666016,0.06763905896262092,1.0,0.0
0.39623934128666016,0.07100405745257524,1.0,0.0
0.39623934128666016,0.07436905594252957,1.0,0.0
0.39623934128666016,0.07773405443248389,1.0,0.0
0.39623934128666016,0.08109905292243821,1.0,0.0
0.39623934128666016,0.08446405141239255,1.0,0.0
0.39623934128666016,0.08782904990234687,1.0,0.0
0.39623934128666016,0.09119404839230119,1.0,0.0
0.39623934128666016,0.09455904688225551,1.0,0.0
0.39623934128666016,0.09792404537220983,1.0,0.0
0.39623934128666016,0.10128904386216417,1.0,0.0
0.39623934128666016,0.10465404235211849,1.0,0.0
0.39623934128666016,0.10801904084207281,1.0,0.0
0.39623934128666016,0.11138403933202715,1.0,0.0
0.39623934128666016,0.11474903782198147,1.0,0.0
0.39623934128666016,0.11811403631193579,1.0,0.0
0.39623934128666016,0.12147903480189011,1.0,0.0
0.39623934128666016,0.12484403329184443,1.0,0.0
0.39623934128666016,0.12820903178179877,1.0,0.0
0.39623934128666016,0.13157403027175307,1.0,0.0
0.39623934128666016,0.1349390287617074,1.0,0.0
0.39623934128666016,0.13830402725166174,1.0,0.0
0.39623934128666016,0.14166902574161605,1.0,0.0
0.39623934128666016,0.14503402423157039,1.0,0.0
0.39623934128666016,0.14839902272152472,1.0,0.0
0.39623934128666016,0.15176402121147903,1.0,0.0
0.39623934128666016,0.15512901970143336,1.0,0.0
0.39623934128666016,0.1584940181913877,1.0,0.0
0.39623934128666016,0.161859016681342,1.0,0.0
0.39623934128666016,0.16522401517129634,1.0,0.0
0.39623934128666016,0.16858901366125065,1.0,0.0
0.39623934128666016,0.17195401215120498,1.0,0.0
0.39623934128666016,0.17531901064115932,1.0,0.0
0.39623934128666016,0.17868400913111362,1.0,0.0
0.39623934128666016,0.18204900762106796,1.0,0.0
0.39623934128666016,0.18541400611102227,1.0,0.0
0.39623934128666016,0.1887790046009766,1.0,0.0
0.39623934128666016,0.19214400309093094,1.0,0.0
0.39623934128666016,0.19550900158088524,1.0,0.0
0.39623934128666016,0.19887400007083958,1.0,0.0
0.39623934128666016,0.20223899856079391,1.0,0.0
0.39623934128666016,0.20560399705074822,1.0,0.0
0.39623934128666016,0.20896899554070256,1.0,0.0
0.39623934128666016,0.2123339940306569,1.0,0.0
0.39623934128666016,0.2156989925206112,1.0,0.0
0.39623934128666016,0.21906399101056553,1.0,0.0
0.39623934128666016,0.2291589864804285,1.0,0.0
0.39623934128666016,0.23252398497038282,1.0,0.0
0.3996043397766145,0.04071907104298632,1.0,0.0
0.3996043397766145,0.044084069532940647,1.0,0.0
0.3996043397766145,0.047449068022894975,1.0,0.0
0.3996043397766145,0.050814066512849296,1.0,0.0
0.3996043397766145,0.05417906500280362,1.0,0.0
0.3996043397766145,0.057544063492757945,1.0,0.0
0.3996043397766145,0.06090906198271227,1.0,0.0
0.3996043397766145,0.0642740604726666,1.0,0.0
0.3996043397766145,0.06763905896262092,1.0,0.0
0.3996043397766145,0.07100405745257524,1.0,0.0
0.3996043397766145,0.07436905594252957,1.0,0.0
0.3996043397766145,0.07773405443248389,1.0,0.0
0.3996043397766145,0.08109905292243821,1.0,0.0
0.3996043397766145,0.08446405141239255,1.0,0.0
0.3996043397766145,0.08782904990234687,1.0,0.0
0.3996043397766145,0.09119404839230119,1.0,0.0
0.3996043397766145,0.09455904688225551,1.0,0.0
0.3996043397766145,0.09792404537220983,1.0,0.0
0.3996043397766145,0.10128904386216417,1.0,0.0
0.3996043397766145,0.10465404235211849,1.0,0.0
0.3996043397766145,0.10801904084207281,1.0,0.0
0.3996043397766145,0.11138403933202715,1.0,0.0
0.3996043397766145,0.11474903782198147,1.0,0.0
0.3996043397766145,0.11811403631193579,1.0,0.0
0.3996043397766145,0.12147903480189011,1.0,0.0
0.3996043397766145,0.12484403329184443,1.0,0.0
0.3996043397766145,0.12820903178179877,1.0,0.0
0.3996043397766145,0.13157403027175307,1.0,0.0
0.3996043397766145,0.1349390287617074,1.0,0.0
0.3996043397766145,0.13830402725166174,1.0,0.0
0.3996043397766145,0.14166902574161605,1.0,0.0
0.3996043397766145,0.14503402423157039,1.0,0.0
0.3996043397766145,0.14839902272152472,1.0,0.0
0.3996043397766145,0.15176402121147903,1.0,0.0
0.3996043397766145,0.15512901970143336,1.0,0.0
0.3996043397766145,0.1584940181913877,1.0,0.0
0.3996043397766145,0.161859016681342,1.0,0.0
0.3996043397766145,0.16522401517129634,1.0,0.0
0.3996043397766145,0.16858901366125065,1.0,0.0
0.3996043397766145,0.17195401215120498,1.0,0.0
0.3996043397766145,0.17531901064115932,1.0,0.0
0.3996043397766145,0.17868400913111362,1.0,0.0
0.3996043397766145,0.18204900762106796,1.0,0.0
0.3996043397766145,0.18541400611102227,1.0,0.0
0.3996043397766145,0.1887790046009766,1.0,0.0
0.3996043397766145,0.19214400309093094,1.0,0.0
0.3996043397766145,0.19550900158088524,1.0,0.0
0.3996043397766145,0.19887400007083958,1.0,0.0
0.3996043397766145,0.20223899856079391,1.0,0.0
0.3996043397766145,0.20560399705074822,1.0,0.0
0.3996043397766145,0.20896899554070256,1.0,0.0
0.3996043397766145,0.2123339940306569,1.0,0.0
0.3996043397766145,0.2156989925206112,1.0,0.0
0.3996043397766145,0.21906399101056553,1.0,0.0
0.3996043397766145,0.22242898950051984,1.0,0.0
0.3996043397766145,0.22579398799047418,1.0,0.0
0.3996043397766145,0.23252398497038282,1.0,0.0
0.40296933826656883,0.044084069532940647,1.0,0.0
0.40296933826656883,0.047449068022894975,1.0,0.0
0.40296933826656883,0.050814066512849296,1.0,0.0
0.40296933826656883,0.05417906500280362,1.0,0.0
0.40296933826656883,0.057544063492757945,1.0,0.0
0.40296933826656883,0.06090906198271227,1.0,0.0
0.40296933826656883,0.0642740604726666,1.0,0.0
0.40296933826656883,0.06763905896262092,1.0,0.0
0.40296933826656883,0.07100405745257524,1.0,0.0
0.40296933826656883,0.07436905594252957,1.0,0.0
0.40296933826656883,0.07773405443248389,1.0,0.0
0.40296933826656883,0.08109905292243821,1.0,0.0
0.40296933826656883,0.08446405141239255,1.0,0.0
0.40296933826656883,0.08782904990234687,1.0,0.0
0.40296933826656883,0.09119404839230119,1.0,0.0
0.40296933826656883,0.09455904688225551,1.0,0.0
0.40296933826656883,0.09792404537220983,1.0,0.0
0.40296933826656883,0.10128904386216417,1.0,0.0
0.40296933826656883,0.10465404235211849,1.0,0.0
0.40296933826656883,0.10801904084207281,1.0,0.0
0.40296933826656883,0.11138403933202715,1.0,0.0
0.40296933826656883,0.11474903782198147,1.0,0.0
0.40296933826656883,0.11811403631193579,1.0,0.0
0.40296933826656883,0.12147903480189011,1.0,0.0
0.40296933826656883,0.12484403329184443,1.0,0.0
0.40296933826656883,0.12820903178179877,1.0,0.0
0.40296933826656883,0.13157403027175307,1.0,0.0
0.40296933826656883,0.1349390287617074,1.0,0.0
0.40296933826656883,0.13830402725166174,1.0,0.0
0.40296933826656883,0.14166902574161605,1.0,0.0
0.40296933826656883,0.14503402423157039,1.0,0.0
0.40296933826656883,0.14839902272152472,1.0,0.0
0.40296933826656883,0.15176402121147903,1.0,0.0
0.40296933826656883,0.15512901970143336,1.0,0.0
0.40296933826656883,0.1584940181913877,1.0,0.0
0.40296933826656883,0.161859016681342,1.0,0.0
0.40296933826656883,0.16522401517129634,1.0,0.0
0.40296933826656883,0.16858901366125065,1.0,0.0
0.40296933826656883,0.17195401215120498,1.0,0.0
0.40296933826656883,0.17531901064115932,1.0,0.0
0.40296933826656883,0.17868400913111362,1.0,0.0
0.40296933826656883,0.18204900762106796,1.0,0.0
0.40296933826656883,0.18541400611102227,1.0,0.0
0.40296933826656883,0.1887790046009766,1.0,0.0
0.40296933826656883,0.19214400309093094,1.0,0.0
0.40296933826656883,0.19550900158088524,1.0,0.0
0.40296933826656883,0.19887400007083958,1.0,0.0
0.40296933826656883,0.20223899856079391,1.0,0.0
0.40296933826656883,0.20560399705074822,1.0,0.0
0.40296933826656883,0.20896899554070256,1.0,0.0
0.40296933826656883,0.2123339940306569,1.0,0.0
0.40296933826656883,0.2156989925206112,1.0,0.0
0.40296933826656883,0.21906399101056553,1.0,0.0
0.40296933826656883,0.22242898950051984,1.0,0.0
0.40296933826656883,0.22579398799047418,1.0,0.0
0.40296933826656883,0.2291589864804285,1.0,0.0
0.40296933826656883,0.23252398497038282,1.0,0.0
0.40633433675652314,0.044084069532940647,1.0,0.0
0.40633433675652314,0.047449068022894975,1.0,0.0
0.40633433675652314,0.050814066512849296,1.0,0.0
0.40633433675652314,0.05417906500280362,1.0,0.0
0.40633433675652314,0.057544063492757945,1.0,0.0
0.40633433675652314,0.06090906198271227,1.0,0.0
0.40633433675652314,0.0642740604726666,1.0,0.0
0.40633433675652314,0.06763905896262092,1.0,0.0
0.40633433675652314,0.07100405745257524,1.0,0.0
0.40633433675652314,0.07436905594252957,1.0,0.0
0.40633433675652314,0.07773405443248389,1.0,0.0
0.40633433675652314,0.08109905292243821,1.0,0.0
0.40633433675652314,0.08446405141239255,1.0,0.0
0.40633433675652314,0.08782904990234687,1.0,0.0
0.40633433675652314,0.09119404839230119,1.0,0.0
0.40633433675652314,0.09455904688225551,1.0,0.0
0.40633433675652314,0.09792404537220983,1.0,0.0
0.40633433675652314,0.10128904386216417,1.0,0.0
0.40633433675652314,0.10465404235211849,1.0,0.0
0.40633433675652314,0.10801904084207281,1.0,0.0
0.40633433675652314,0.11138403933202715,1.0,0.0
0.40633433675652314,0.11474903782198147,1.0,0.0
0.40633433675652314,0.11811403631193579,1.0,0.0
0.40633433675652314,0.12147903480189011,1.0,0.0
0.40633433675652314,0.12484403329184443,1.0,0.0
0.40633433675652314,0.12820903178179877,1.0,0.0
0.40633433675652314,0.13157403027175307,1.0,0.0
0.40633433675652314,0.1349390287617074,1.0,0.0
0.40633433675652314,0.13830402725166174,1.0,0.0
0.40633433675652314,0.14166902574161605,1.0,0.0
0.40633433675652314,0.14503402423157039,1.0,0.0
0.40633433675652314,0.14839902272152472,1.0,0.0
0.40633433675652314,0.15176402121147903,1.0,0.0
0.40633433675652314,0.15512901970143336,1.0,0.0
0.40633433675652314,0.1584940181913877,1.0,0.0
0.40633433675652314,0.161859016681342,1.0,0.0
0.40633433675652314,0.16522401517129634,1.0,0.0
0.40633433675652314,0.16858901366125065,1.0,0.0
0.40633433675652314,0.17195401215120498,1.0,0.0
0.40633433675652314,0.17531901064115932,1.0,0.0
0.40633433675652314,0.17868400913111362,1.0,0.0
0.40633433675652314,0.18204900762106796,1.0,0.0
0.40633433675652314,0.18541400611102227,1.0,0.0
0.40633433675652314,0.1887790046009766,1.0,0.0
0.40633433675652314,0.19214400309093094,1.0,0.0
0.40633433675652314,0.19550900158088524,1.0,0.0
0.40633433675652314,0.19887400007083958,1.0,0.0
0.40633433675652314,0.20223899856079391,1.0,0.0
0.40633433675652314,0.20560399705074822,1.0,0.0
0.40633433675652314,0.20896899554070256,1.0,0.0
0.40633433675652314,0.2123339940306569,1.0,0.0
0.40633433675652314,0.2156989925206112,1.0,0.0
0.40633433675652314,0.21906399101056553,1.0,0.0
0.40633433675652314,0.22242898950051984,1.0,0.0
0.40633433675652314,0.22579398799047418,1.0,0.0
0.40633433675652314,0.2291589864804285,1.0,0.0
0.40633433675652314,0.23252398497038282,1.0,0.0
0.40633433675652314,0.23588898346033715,1.0,0.0
0.40633433675652314,0.23925398195029146,1.0,0.0
0.4096993352464775,0.047449068022894975,1.0,0.0
0.4096993352464775,0.050814066512849296,1.0,0.0
0.4096993352464775,0.05417906500280362,1.0,0.0
0.4096993352464775,0.057544063492757945,1.0,0.0
0.4096993352464775,0.06090906198271227,1.0,0.0
0.4096993352464775,0.0642740604726666,1.0,0.0
0.4096993352464775,0.06763905896262092,1.0,0.0
0.4096993352464775,0.07100405745257524,1.0,0.0
0.4096993352464775,0.07436905594252957,1.0,0.0
0.4096993352464775,0.07773405443248389,1.0,0.0
0.4096993352464775,0.08109905292243821,1.0,0.0
0.4096993352464775,0.08446405141239255,1.0,0.0
0.4096993352464775,0.08782904990234687,1.0,0.0
0.4096993352464775,0.09119404839230119,1.0,0.0
0.4096993352464775,0.09455904688225551,1.0,0.0
0.4096993352464775,0.09792404537220983,1.0,0.0
0.4096993352464775,0.10128904386216417,1.0,0.0
0.4096993352464775,0.10465404235211849,1.0,0.0
0.4096993352464775,0.10801904084207281,1.0,0.0
0.4096993352464775,0.11138403933202715,1.0,0.0
0.4096993352464775,0.11474903782198147,1.0,0.0
0.4096993352464775,0.11811403631193579,1.0,0.0
0.4096993352464775,0.12147903480189011,1.0,0.0
0.4096993352464775,0.12484403329184443,1.0,0.0
0.4096993352464775,0.12820903178179877,1.0,0.0
0.4096993352464775,0.13157403027175307,1.0,0.0
0.4096993352464775,0.1349390287617074,1.0,0.0
0.4096993352464775,0.13830402725166174,1.0,0.0
0.4096993352464775,0.14166902574161605,1.0,0.0
0.4096993352464775,0.14503402423157039,1.0,0.0
0.4096993352464775,0.14839902272152472,1.0,0.0
0.4096993352464775,0.15176402121147903,1.0,0.0
0.4096993352464775,0.15512901970143336,1.0,0.0
0.4096993352464775,0.1584940181913877,1.0,0.0
0.4096993352464775,0.161859016681342,1.0,0.0
0.4096993352464775,0.16522401517129634,1.0,0.0
0.4096993352464775,0.16858901366125065,1.0,0.0
0.4096993352464775,0.17195401215120498,1.0,0.0
0.4096993352464775,0.17531901064115932,1.0,0.0
0.4096993352464775,0.17868400913111362,1.0,0.0
0.4096993352464775,0.18204900762106796,1.0,0.0
0.4096993352464775,0.18541400611102227,1.0,0.0
0.4096993352464775,0.1887790046009766,1.0,0.0
0.4096993352464775,0.19214400309093094,1.0,0.0
0.4096993352464775,0.19550900158088524,1.0,0.0
0.4096993352464775,0.19887400007083958,1.0,0.0
0.4096993352464775,0.20223899856079391,1.0,0.0
0.4096993352464775,0.20560399705074822,1.0,0.0
0.4096993352464775,0.20896899554070256,1.0,0.0
0.4096993352464775,0.2123339940306569,1.0,0.0
0.4096993352464775,0.2156989925206112,1.0,0.0
0.4096993352464775,0.21906399101056553,1.0,0.0
0.4096993352464775,0.22242898950051984,1.0,0.0
0.4096993352464775,0.22579398799047418,1.0,0.0
0.4096993352464775,0.2291589864804285,1.0,0.0
0.4096993352464775,0.23252398497038282,1.0,0.0
0.4096993352464775,0.23588898346033715,1.0,0.0
0.4096993352464775,0.23925398195029146,1.0,0.0
0.4096993352464775,0.2426189804402458,1.0,0.0
0.4130643337364318,0.047449068022894975,1.0,0.0
0.4130643337364318,0.050814066512849296,1.0,0.0
0.4130643337364318,0.05417906500280362,1.0,0.0
0.4130643337364318,0.057544063492757945,1.0,0.0
0.4130643337364318,0.06090906198271227,1.0,0.0
0.4130643337364318,0.0642740604726666,1.0,0.0
0.4130643337364318,0.06763905896262092,1.0,0.0
0.4130643337364318,0.07100405745257524,1.0,0.0
0.4130643337364318,0.07436905594252957,1.0,0.0
0.4130643337364318,0.07773405443248389,1.0,0.0
0.4130643337364318,0.08109905292243821,1.0,0.0
0.4130643337364318,0.08446405141239255,1.0,0.0
0.4130643337364318,0.08782904990234687,1.0,0.0
0.4130643337364318,0.09119404839230119,1.0,0.0
0.4130643337364318,0.09455904688225551,1.0,0.0
0.4130643337364318,0.09792404537220983,1.0,0.0
0.4130643337364318,0.10128904386216417,1.0,0.0
0.4130643337364318,0.10465404235211849,1.0,0.0
0.4130643337364318,0.10801904084207281,1.0,0.0
0.4130643337364318,0.11138403933202715,1.0,0.0
0.4130643337364318,0.11474903782198147,1.0,0.0
0.4130643337364318,0.11811403631193579,1.0,0.0
0.4130643337364318,0.12147903480189011,1.0,0.0
0.4130643337364318,0.12484403329184443,1.0,0.0
0.4130643337364318,0.12820903178179877,1.0,0.0
0.4130643337364318,0.13157403027175307,1.0,0.0
0.4130643337364318,0.1349390287617074,1.0,0.0
0.4130643337364318,0.13830402725166174,1.0,0.0
0.4130643337364318,0.14166902574161605,1.0,0.0
0.4130643337364318,0.14503402423157039,1.0,0.0
0.4130643337364318,0.14839902272152472,1.0,0.0
0.4130643337364318,0.15176402121147903,1.0,0.0
0.4130643337364318,0.15512901970143336,1.0,0.0
0.4130643337364318,0.1584940181913877,1.0,0.0
0.4130643337364318,0.161859016681342,1.0,0.0
0.4130643337364318,0.16522401517129634,1.0,0.0
0.4130643337364318,0.16858901366125065,1.0,0.0
0.4130643337364318,0.17195401215120498,1.0,0.0
0.4130643337364318,0.17531901064115932,1.0,0.0
0.4130643337364318,0.17868400913111362,1.0,0.0
0.4130643337364318,0.18204900762106796,1.0,0.0
0.4130643337364318,0.18541400611102227,1.0,0.0
0.4130643337364318,0.1887790046009766,1.0,0.0
0.4130643337364318,0.19214400309093094,1.0,0.0
0.4130643337364318,0.19550900158088524,1.0,0.0
0.4130643337364318,0.19887400007083958,1.0,0.0
0.4130643337364318,0.20223899856079391,1.0,0.0
0.4130643337364318,0.20560399705074822,1.0,0.0
0.4130643337364318,0.20896899554070256,1.0,0.0
0.4130643337364318,0.2123339940306569,1.0,0.0
0.4130643337364318,0.2156989925206112,1.0,0.0
0.4130643337364318,0.21906399101056553,1.0,0.0
0.4130643337364318,0.22242898950051984,1.0,0.0
0.4130643337364318,0.22579398799047418,1.0,0.0
0.4130643337364318,0.2291589864804285,1.0,0.0
0.4130643337364318,0.23252398497038282,1.0,0.0
0.4130643337364318,0.23588898346033715,1.0,0.0
0.4130643337364318,0.23925398195029146,1.0,0.0
0.4130643337364318,0.2426189804402458,1.0,0.0
0.4164293322263861,0.050814066512849296,1.0,0.0
0.4164293322263861,0.05417906500280362,1.0,0.0
0.4164293322263861,0.057544063492757945,1.0,0.0
0.4164293322263861,0.06090906198271227,1.0,0.0
0.4164293322263861,0.0642740604726666,1.0,0.0
0.4164293322263861,0.06763905896262092,1.0,0.0
0.4164293322263861,0.07100405745257524,1.0,0.0
0.4164293322263861,0.07436905594252957,1.0,0.0
0.4164293322263861,0.07773405443248389,1.0,0.0
0.4164293322263861,0.08109905292243821,1.0,0.0
0.4164293322263861,0.08446405141239255,1.0,0.0
0.4164293322263861,0.08782904990234687,1.0,0.0
0.4164293322263861,0.09119404839230119,1.0,0.0
0.4164293322263861,0.09455904688225551,1.0,0.0
0.4164293322263861,0.09792404537220983,1.0,0.0
0.4164293322263861,0.10128904386216417,1.0,0.0
0.4164293322263861,0.10465404235211849,1.0,0.0
0.4164293322263861,0.10801904084207281,1.0,0.0
0.4164293322263861,0.11138403933202715,1.0,0.0
0.4164293322263861,0.11474903782198147,1.0,0.0
0.4164293322263861,0.11811403631193579,1.0,0.0
0.4164293322263861,0.12147903480189011,1.0,0.0
0.4164293322263861,0.12484403329184443,1.0,0.0
0.4164293322263861,0.12820903178179877,1.0,0.0
0.4164293322263861,0.13157403027175307,1.0,0.0
0.4164293322263861,0.1349390287617074,1.0,0.0
0.4164293322263861,0.13830402725166174,1.0,0.0
0.4164293322263861,0.14166902574161605,1.0,0.0
0.4164293322263861,0.14503402423157039,1.0,0.0
0.4164293322263861,0.14839902272152472,1.0,0.0
0.4164293322263861,0.15176402121147903,1.0,0.0
0.4164293322263861,0.15512901970143336,1.0,0.0
0.4164293322263861,0.1584940181913877,1.0,0.0
0.4164293322263861,0.161859016681342,1.0,0.0
0.4164293322263861,0.16522401517129634,1.0,0.0
0.4164293322263861,0.16858901366125065,1.0,0.0
0.4164293322263861,0.17195401215120498,1.0,0.0
0.4164293322263861,0.17531901064115932,1.0,0.0
0.4164293322263861,0.17868400913111362,1.0,0.0
0.4164293322263861,0.18204900762106796,1.0,0.0
0.4164293322263861,0.18541400611102227,1.0,0.0
0.4164293322263861,0.1887790046009766,1.0,0.0
0.4164293322263861,0.19214400309093094,1.0,0.0
0.4164293322263861,0.19550900158088524,1.0,0.0
0.4164293322263861,0.19887400007083958,1.0,0.0
0.4164293322263861,0.20223899856079391,1.0,0.0
0.4164293322263861,0.20560399705074822,1.0,0.0
0.4164293322263861,0.20896899554070256,1.0,0.0
0.4164293322263861,0.2123339940306569,1.0,0.0
0.4164293322263861,0.2156989925206112,1.0,0.0
0.4164293322263861,0.21906399101056553,1.0,0.0
0.4164293322263861,0.22242898950051984,1.0,0.0
0.4164293322263861,0.22579398799047418,1.0,0.0
0.4164293322263861,0.2291589864804285,1.0,0.0
0.4164293322263861,0.23252398497038282,1.0,0.0
0.4164293322263861,0.23588898346033715,1.0,0.0
0.4164293322263861,0.23925398195029146,1.0,0.0
0.4164293322263861,0.2426189804402458,1.0,0.0
0.4164293322263861,0.24598397893020013,1.0,0.0
0.4197943307163405,0.050814066512849296,1.0,0.0
0.4197943307163405,0.05417906500280362,1.0,0.0
0.4197943307163405,0.057544063492757945,1.0,0.0
0.4197943307163405,0.06090906198271227,1.0,0.0
0.4197943307163405,0.0642740604726666,1.0,0.0
0.4197943307163405,0.06763905896262092,1.0,0.0
0.4197943307163405,0.07100405745257524,1.0,0.0
0.4197943307163405,0.07436905594252957,1.0,0.0
0.4197943307163405,0.07773405443248389,1.0,0.0
0.4197943307163405,0.08109905292243821,1.0,0.0
0.4197943307163405,0.08446405141239255,1.0,0.0
0.4197943307163405,0.08782904990234687,1.0,0.0
0.4197943307163405,0.09119404839230119,1.0,0.0
0.4197943307163405,0.09455904688225551,1.0,0.0
0.4197943307163405,0.09792404537220983,1.0,0.0
0.4197943307163405,0.10128904386216417,1.0,0.0
0.4197943307163405,0.10465404235211849,1.0,0.0
0.4197943307163405,0.10801904084207281,1.0,0.0
0.4197943307163405,0.11138403933202715,1.0,0.0
0.4197943307163405,0.11474903782198147,1.0,0.0
0.4197943307163405,0.11811403631193579,1.0,0.0
0.4197943307163405,0.12147903480189011,1.0,0.0
0.4197943307163405,0.12484403329184443,1.0,0.0
0.4197943307163405,0.12820903178179877,1.0,0.0
0.4197943307163405,0.13157403027175307,1.0,0.0
0.4197943307163405,0.1349390287617074,1.0,0.0
0.4197943307163405,0.13830402725166174,1.0,0.0
0.4197943307163405,0.14166902574161605,1.0,0.0
0.4197943307163405,0.14503402423157039,1.0,0.0
0.4197943307163405,0.14839902272152472,1.0,0.0
0.4197943307163405,0.15176402121147903,1.0,0.0
0.4197943307163405,0.15512901970143336,1.0,0.0
0.4197943307163405,0.1584940181913877,1.0,0.0
0.4197943307163405,0.161859016681342,1.0,0.0
0.4197943307163405,0.16522401517129634,1.0,0.0
0.4197943307163405,0.16858901366125065,1.0,0.0
0.4197943307163405,0.17195401215120498,1.0,0.0
0.4197943307163405,0.17531901064115932,1.0,0.0
0.4197943307163405,0.17868400913111362,1.0,0.0
0.4197943307163405,0.18204900762106796,1.0,0.0
0.4197943307163405,0.18541400611102227,1.0,0.0
0.4197943307163405,0.1887790046009766,1.0,0.0
0.4197943307163405,0.19214400309093094,1.0,0.0
0.4197943307163405,0.19550900158088524,1.0,0.0
0.4197943307163405,0.19887400007083958,1.0,0.0
0.4197943307163405,0.20223899856079391,1.0,0.0
0.4197943307163405,0.20560399705074822,1.0,0.0
0.4197943307163405,0.20896899554070256,1.0,0.0
0.4197943307163405,0.2123339940306569,1.0,0.0
0.4197943307163405,0.2156989925206112,1.0,0.0
0.4197943307163405,0.21906399101056553,1.0,0.0
0.4197943307163405,0.22242898950051984,1.0,0.0
0.4197943307163405,0.22579398799047418,1.0,0.0
0.4197943307163405,0.2291589864804285,1.0,0.0
0.4197943307163405,0.23252398497038282,1.0,0.0
0.4197943307163405,0.23588898346033715,1.0,0.0
0.4197943307163405,0.23925398195029146,1.0,0.0
0.4197943307163405,0.2426189804402458,1.0,0.0
0.4197943307163405,0.24598397893020013,1.0,0.0
0.4231593292062948,0.05417906500280362,1.0,0.0
0.4231593292062948,0.057544063492757945,1.0,0.0
0.4231593292062948,0.06090906198271227,1.0,0.0
0.4231593292062948,0.0642740604726666,1.0,0.0
0.4231593292062948,0.06763905896262092,1.0,0.0
0.4231593292062948,0.07100405745257524,1.0,0.0
0.4231593292062948,0.07436905594252957,1.0,0.0
0.4231593292062948,0.07773405443248389,1.0,0.0
0.4231593292062948,0.08109905292243821,1.0,0.0
0.4231593292062948,0.08446405141239255,1.0,0.0
0.4231593292062948,0.08782904990234687,1.0,0.0
0.4231593292062948,0.09119404839230119,1.0,0.0
0.4231593292062948,0.09455904688225551,1.0,0.0
0.4231593292062948,0.09792404537220983,1.0,0.0
0.4231593292062948,0.10128904386216417,1.0,0.0
0.4231593292062948,0.10465404235211849,1.0,0.0
0.4231593292062948,0.10801904084207281,1.0,0.0
0.4231593292062948,0.11138403933202715,1.0,0.0
0.4231593292062948,0.11474903782198147,1.0,0.0
0.4231593292062948,0.11811403631193579,1.0,0.0
0.4231593292062948,0.12147903480189011,1.0,0.0
0.4231593292062948,0.12484403329184443,1.0,0.0
0.4231593292062948,0.12820903178179877,1.0,0.0
0.4231593292062948,0.13157403027175307,1.0,0.0
0.4231593292062948,0.1349390287617074,1.0,0.0
0.4231593292062948,0.13830402725166174,1.0,0.0
0.4231593292062948,0.14166902574161605,1.0,0.0
0.4231593292062948,0.14503402423157039,1.0,0.0
0.4231593292062948,0.14839902272152472,1.0,0.0
0.4231593292062948,0.15176402121147903,1.0,0.0
0.4231593292062948,0.15512901970143336,1.0,0.0
0.4231593292062948,0.1584940181913877,1.0,0.0
0.4231593292062948,0.161859016681342,1.0,0.0
0.4231593292062948,0.16522401517129634,1.0,0.0
0.4231593292062948,0.16858901366125065,1.0,0.0
0.4231593292062948,0.17195401215120498,1.0,0.0
0.4231593292062948,0.17531901064115932,1.0,0.0
0.4231593292062948,0.17868400913111362,1.0,0.0
0.4231593292062948,0.18204900762106796,1.0,0.0
0.4231593292062948,0.18541400611102227,1.0,0.0
0.4231593292062948,0.1887790046009766,1.0,0.0
0.4231593292062948,0.19214400309093094,1.0,0.0
0.4231593292062948,0.19550900158088524,1.0,0.0
0.4231593292062948,0.19887400007083958,1.0,0.0
0.4231593292062948,0.20223899856079391,1.0,0.0
0.4231593292062948,0.20560399705074822,1.0,0.0
0.4231593292062948,0.20896899554070256,1.0,0.0
0.4231593292062948,0.2123339940306569,1.0,0.0
0.4231593292062948,0.2156989925206112,1.0,0.0
0.4231593292062948,0.21906399101056553,1.0,0.0
0.4231593292062948,0.22242898950051984,1.0,0.0
0.4231593292062948,0.22579398799047418,1.0,0.0
0.4231593292062948,0.2291589864804285,1.0,0.0
0.4231593292062948,0.23252398497038282,1.0,0.0
0.4231593292062948,0.23588898346033715,1.0,0.0
0.4231593292062948,0.23925398195029146,1.0,0.0
0.4231593292062948,0.2426189804402458,1.0,0.0
0.4231593292062948,0.24598397893020013,1.0,0.0
0.42652432769624915,0.05417906500280362,1.0,0.0
0.42652432769624915,0.057544063492757945,1.0,0.0
0.42652432769624915,0.06090906198271227,1.0,0.0
0.42652432769624915,0.0642740604726666,1.0,0.0
0.42652432769624915,0.06763905896262092,1.0,0.0
0.42652432769624915,0.07100405745257524,1.0,0.0
0.42652432769624915,0.07436905594252957,1.0,0.0
0.42652432769624915,0.07773405443248389,1.0,0.0
0.42652432769624915,0.08109905292243821,1.0,0.0
0.42652432769624915,0.08446405141239255,1.0,0.0
0.42652432769624915,0.08782904990234687,1.0,0.0
0.42652432769624915,0.09119404839230119,1.0,0.0
0.42652432769624915,0.09455904688225551,1.0,0.0
0.42652432769624915,0.09792404537220983,1.0,0.0
0.42652432769624915,0.10128904386216417,1.0,0.0
0.42652432769624915,0.10465404235211849,1.0,0.0
0.42652432769624915,0.10801904084207281,1.0,0.0
0.42652432769624915,0.11138403933202715,1.0,0.0
0.42652432769624915,0.11474903782198147,1.0,0.0
0.42652432769624915,0.11811403631193579,1.0,0.0
0.42652432769624915,0.12147903480189011,1.0,0.0
0.42652432769624915,0.12484403329184443,1.0,0.0
0.42652432769624915,0.12820903178179877,1.0,0.0
0.42652432769624915,0.13157403027175307,1.0,0.0
0.42652432769624915,0.1349390287617074,1.0,0.0
0.42652432769624915,0.13830402725166174,1.0,0.0
0.42652432769624915,0.14166902574161605,1.0,0.0
0.42652432769624915,0.14503402423157039,1.0,0.0
0.42652432769624915,0.14839902272152472,1.0,0.0
0.42652432769624915,0.15176402121147903,1.0,0.0
0.42652432769624915,0.15512901970143336,1.0,0.0
0.42652432769624915,0.1584940181913877,1.0,0.0
0.42652432769624915,0.161859016681342,1.0,0.0
0.42652432769624915,0.16522401517129634,1.0,0.0
0.42652432769624915,0.16858901366125065,1.0,0.0
0.42652432769624915,0.17195401215120498,1.0,0.0
0.42652432769624915,0.17531901064115932,1.0,0.0
0.42652432769624915,0.17868400913111362,1.0,0.0
0.42652432769624915,0.18204900762106796,1.0,0.0
0.42652432769624915,0.18541400611102227,1.0,0.0
0.42652432769624915,0.1887790046009766,1.0,0.0
0.42652432769624915,0.19214400309093094,1.0,0.0
0.42652432769624915,0.19550900158088524,1.0,0.0
0.42652432769624915,0.19887400007083958,1.0,0.0
0.42652432769624915,0.20223899856079391,1.0,0.0
0.42652432769624915,0.20560399705074822,1.0,0.0
0.42652432769624915,0.20896899554070256,1.0,0.0
0.42652432769624915,0.2123339940306569,1.0,0.0
0.42652432769624915,0.2156989925206112,1.0,0.0
0.42652432769624915,0.21906399101056553,1.0,0.0
0.42652432769624915,0.22242898950051984,1.0,0.0
0.42652432769624915,0.22579398799047418,1.0,0.0
0.42652432769624915,0.2291589864804285,1.0,0.0
0.42652432769624915,0.23252398497038282,1.0,0.0
0.42652432769624915,0.23588898346033715,1.0,0.0
0.42652432769624915,0.23925398195029146,1.0,0.0
0.42652432769624915,0.2426189804402458,1.0,0.0
0.42652432769624915,0.24598397893020013,1.0,0.0
0.42652432769624915,0.24934897742015444,1.0,0.0
0.42988932618620346,0.05417906500280362,1.0,0.0
0.42988932618620346,0.057544063492757945,1.0,0.0
0.42988932618620346,0.06090906198271227,1.0,0.0
0.42988932618620346,0.0642740604726666,1.0,0.0
0.42988932618620346,0.06763905896262092,1.0,0.0
0.42988932618620346,0.07100405745257524,1.0,0.0
0.42988932618620346,0.07436905594252957,1.0,0.0
0.42988932618620346,0.07773405443248389,1.0,0.0
0.42988932618620346,0.08109905292243821,1.0,0.0
0.42988932618620346,0.08446405141239255,1.0,0.0
0.42988932618620346,0.08782904990234687,1.0,0.0
0.42988932618620346,0.09119404839230119,1.0,0.0
0.42988932618620346,0.09455904688225551,1.0,0.0
0.42988932618620346,0.09792404537220983,1.0,0.0
0.42988932618620346,0.10128904386216417,1.0,0.0
0.42988932618620346,0.10465404235211849,1.0,0.0
0.42988932618620346,0.10801904084207281,1.0,0.0
0.42988932618620346,0.11138403933202715,1.0,0.0
0.42988932618620346,0.11474903782198147,1.0,0.0
0.42988932618620346,0.11811403631193579,1.0,0.0
0.42988932618620346,0.12147903480189011,1.0,0.0
0.42988932618620346,0.12484403329184443,1.0,0.0
0.42988932618620346,0.12820903178179877,1.0,0.0
0.42988932618620346,0.13157403027175307,1.0,0.0
0.42988932618620346,0.1349390287617074,1.0,0.0
0.42988932618620346,0.13830402725166174,1.0,0.0
0.42988932618620346,0.14166902574161605,1.0,0.0
0.42988932618620346,0.14503402423157039,1.0,0.0
0.42988932618620346,0.14839902272152472,1.0,0.0
0.42988932618620346,0.15176402121147903,1.0,0.0
0.42988932618620346,0.15512901970143336,1.0,0.0
0.42988932618620346,0.1584940181913877,1.0,0.0
0.42988932618620346,0.161859016681342,1.0,0.0
0.42988932618620346,0.16522401517129634,1.0,0.0
0.42988932618620346,0.16858901366125065,1.0,0.0
0.42988932618620346,0.17195401215120498,1.0,0.0
0.42988932618620346,0.17531901064115932,1.0,0.0
0.42988932618620346,0.17868400913111362,1.0,0.0
0.42988932618620346,0.18204900762106796,1.0,0.0
0.42988932618620346,0.18541400611102227,1.0,0.0
0.42988932618620346,0.1887790046009766,1.0,0.0
0.42988932618620346,0.19214400309093094,1.0,0.0
0.42988932618620346,0.19550900158088524,1.0,0.0
0.42988932618620346,0.19887400007083958,1.0,0.0
0.42988932618620346,0.20223899856079391,1.0,0.0
0.42988932618620346,0.20560399705074822,1.0,0.0
0.42988932618620346,0.20896899554070256,1.0,0.0
0.42988932618620346,0.2123339940306569,1.0,0.0
0.42988932618620346,0.2156989925206112,1.0,0.0
0.42988932618620346,0.21906399101056553,1.0,0.0
0.42988932618620346,0.22242898950051984,1.0,0.0
0.42988932618620346,0.22579398799047418,1.0,0.0
0.42988932618620346,0.2291589864804285,1.0,0.0
0.42988932618620346,0.23252398497038282,1.0,0.0
0.42988932618620346,0.23588898346033715,1.0,0.0
0.42988932618620346,0.23925398195029146,1.0,0.0
0.42988932618620346,0.2426189804402458,1.0,0.0
0.42988932618620346,0.24598397893020013,1.0,0.0
0.42988932618620346,0.24934897742015444,1.0,0.0
0.43325432467615776,0.05417906500280362,1.0,0.0
0.43325432467615776,0.057544063492757945,1.0,0.0
0.43325432467615776,0.06090906198271227,1.0,0.0
0.43325432467615776,0.0642740604726666,1.0,0.0
0.43325432467615776,0.06763905896262092,1.0,0.0
0.43325432467615776,0.07100405745257524,1.0,0.0
0.43325432467615776,0.07436905594252957,1.0,0.0
0.43325432467615776,0.07773405443248389,1.0,0.0
0.43325432467615776,0.08109905292243821,1.0,0.0
0.43325432467615776,0.08446405141239255,1.0,0.0
0.43325432467615776,0.08782904990234687,1.0,0.0
0.43325432467615776,0.09119404839230119,1.0,0.0
0.43325432467615776,0.09455904688225551,1.0,0.0
0.43325432467615776,0.09792404537220983,1.0,0.0
0.43325432467615776,0.10128904386216417,1.0,0.0
0.43325432467615776,0.10465404235211849,1.0,0.0
0.43325432467615776,0.10801904084207281,1.0,0.0
0.43325432467615776,0.11138403933202715,1.0,0.0
0.43325432467615776,0.11474903782198147,1.0,0.0
0.43325432467615776,0.11811403631193579,1.0,0.0
0.43325432467615776,0.12147903480189011,1.0,0.0
0.43325432467615776,0.12484403329184443,1.0,0.0
0.43325432467615776,0.12820903178179877,1.0,0.0
0.43325432467615776,0.13157403027175307,1.0,0.0
0.43325432467615776,0.1349390287617074,1.0,0.0
0.43325432467615776,0.13830402725166174,1.0,0.0
0.43325432467615776,0.14166902574161605,1.0,0.0
0.43325432467615776,0.14503402423157039,1.0,0.0
0.43325432467615776,0.14839902272152472,1.0,0.0
0.43325432467615776,0.15176402121147903,1.0,0.0
0.43325432467615776,0.15512901970143336,1.0,0.0
0.43325432467615776,0.1584940181913877,1.0,0.0
0.43325432467615776,0.161859016681342,1.0,0.0
0.43325432467615776,0.16522401517129634,1.0,0.0
0.43325432467615776,0.16858901366125065,1.0,0.0
0.43325432467615776,0.17195401215120498,1.0,0.0
0.43325432467615776,0.17531901064115932,1.0,0.0
0.43325432467615776,0.17868400913111362,1.0,0.0
0.43325432467615776,0.18204900762106796,1.0,0.0
0.43325432467615776,0.18541400611102227,1.0,0.0
0.43325432467615776,0.1887790046009766,1.0,0.0
0.43325432467615776,0.19214400309093094,1.0,0.0
0.43325432467615776,0.19550900158088524,1.0,0.0
0.43325432467615776,0.19887400007083958,1.0,0.0
0.43325432467615776,0.20223899856079391,1.0,0.0
0.43325432467615776,0.20560399705074822,1.0,0.0
0.43325432467615776,0.20896899554070256,1.0,0.0
0.43325432467615776,0.2123339940306569,1.0,0.0
0.43325432467615776,0.2156989925206112,1.0,0.0
0.43325432467615776,0.21906399101056553,1.0,0.0
0.43325432467615776,0.22242898950051984,1.0,0.0
0.43325432467615776,0.22579398799047418,1.0,0.0
0.43325432467615776,0.2291589864804285,1.0,0.0
0.43325432467615776,0.23252398497038282,1.0,0.0
0.43325432467615776,0.23588898346033715,1.0,0.0
0.43325432467615776,0.23925398195029146,1.0,0.0
0.43325432467615776,0.2426189804402458,1.0,0.0
0.43325432467615776,0.24598397893020013,1.0,0.0
0.43325432467615776,0.24934897742015444,1.0,0.0
0.4366193231661121,0.057544063492757945,1.0,0.0
0.4366193231661121,0.06090906198271227,1.0,0.0
0.4366193231661121,0.0642740604726666,1.0,0.0
0.4366193231661121,0.06763905896262092,1.0,0.0
0.4366193231661121,0.07100405745257524,1.0,0.0
0.4366193231661121,0.07436905594252957,1.0,0.0
0.4366193231661121,0.07773405443248389,1.0,0.0
0.4366193231661121,0.08109905292243821,1.0,0.0
0.4366193231661121,0.08446405141239255,1.0,0.0
0.4366193231661121,0.08782904990234687,1.0,0.0
0.4366193231661121,0.09119404839230119,1.0,0.0
0.4366193231661121,0.09455904688225551,1.0,0.0
0.4366193231661121,0.09792404537220983,1.0,0.0
0.4366193231661121,0.10128904386216417,1.0,0.0
0.4366193231661121,0.10465404235211849,1.0,0.0
0.4366193231661121,0.10801904084207281,1.0,0.0
0.4366193231661121,0.11138403933202715,1.0,0.0
0.4366193231661121,0.11474903782198147,1.0,0.0
0.4366193231661121,0.11811403631193579,1.0,0.0
0.4366193231661121,0.12147903480189011,1.0,0.0
0.4366193231661121,0.12484403329184443,1.0,0.0
0.4366193231661121,0.12820903178179877,1.0,0.0
0.4366193231661121,0.13157403027175307,1.0,0.0
0.4366193231661121,0.1349390287617074,1.0,0.0
0.4366193231661121,0.13830402725166174,1.0,0.0
0.4366193231661121,0.14166902574161605,1.0,0.0
0.4366193231661121,0.14503402423157039,1.0,0.0
0.4366193231661121,0.14839902272152472,1.0,0.0
0.4366193231661121,0.15176402121147903,1.0,0.0
0.4366193231661121,0.15512901970143336,1.0,0.0
0.4366193231661121,0.1584940181913877,1.0,0.0
0.4366193231661121,0.161859016681342,1.0,0.0
0.4366193231661121,0.16522401517129634,1.0,0.0
0.4366193231661121,0.16858901366125065,1.0,0.0
0.4366193231661121,0.17195401215120498,1.0,0.0
0.4366193231661121,0.17531901064115932,1.0,0.0
0.4366193231661121,0.17868400913111362,1.0,0.0
0.4366193231661121,0.18204900762106796,1.0,0.0
0.4366193231661121,0.18541400611102227,1.0,0.0
0.4366193231661121,0.1887790046009766,1.0,0.0
0.4366193231661121,0.19214400309093094,1.0,0.0
0.4366193231661121,0.19550900158088524,1.0,0.0
0.4366193231661121,0.19887400007083958,1.0,0.0
0.4366193231661121,0.20223899856079391,1.0,0.0
0.4366193231661121,0.20560399705074822,1.0,0.0
0.4366193231661121,0.20896899554070256,1.0,0.0
0.4366193231661121,0.2123339940306569,1.0,0.0
0.4366193231661121,0.2156989925206112,1.0,0.0
0.4366193231661121,0.21906399101056553,1.0,0.0
0.4366193231661121,0.22242898950051984,1.0,0.0
0.4366193231661121,0.22579398799047418,1.0,0.0
0.4366193231661121,0.2291589864804285,1.0,0.0
0.4366193231661121,0.23252398497038282,1.0,0.0
0.4366193231661121,0.23588898346033715,1.0,0.0
0.4366193231661121,0.23925398195029146,1.0,0.0
0.4366193231661121,0.2426189804402458,1.0,0.0
0.4366193231661121,0.24598397893020013,1.0,0.0
0.4366193231661121,0.24934897742015444,1.0,0.0
0.4366193231661121,0.2527139759101088,1.0,0.0
0.43998432165606643,0.057544063492757945,1.0,0.0
0.43998432165606643,0.06090906198271227,1.0,0.0
0.43998432165606643,0.0642740604726666,1.0,0.0
0.43998432165606643,0.06763905896262092,1.0,0.0
0.43998432165606643,0.07100405745257524,1.0,0.0
0.43998432165606643,0.07436905594252957,1.0,0.0
0.43998432165606643,0.07773405443248389,1.0,0.0
0.43998432165606643,0.08109905292243821,1.0,0.0
0.43998432165606643,0.08446405141239255,1.0,0.0
0.43998432165606643,0.08782904990234687,1.0,0.0
0.43998432165606643,0.09119404839230119,1.0,0.0
0.43998432165606643,0.09455904688225551,1.0,0.0
0.43998432165606643,0.09792404537220983,1.0,0.0
0.43998432165606643,0.10128904386216417,1.0,0.0
0.43998432165606643,0.10465404235211849,1.0,0.0
0.43998432165606643,0.10801904084207281,1.0,0.0
0.43998432165606643,0.11138403933202715,1.0,0.0
0.43998432165606643,0.11474903782198147,1.0,0.0
0.43998432165606643,0.11811403631193579,1.0,0.0
0.43998432165606643,0.12147903480189011,1.0,0.0
0.43998432165606643,0.12484403329184443,1.0,0.0
0.43998432165606643,0.12820903178179877,1.0,0.0
0.43998432165606643,0.13157403027175307,1.0,0.0
0.43998432165606643,0.1349390287617074,1.0,0.0
0.43998432165606643,0.13830402725166174,1.0,0.0
0.43998432165606643,0.14166902574161605,1.0,0.0
0.43998432165606643,0.14503402423157039,1.0,0.0
0.43998432165606643,0.14839902272152472,1.0,0.0
0.43998432165606643,0.15176402121147903,1.0,0.0
0.43998432165606643,0.15512901970143336,1.0,0.0
0.43998432165606643,0.1584940181913877,1.0,0.0
0.43998432165606643,0.161859016681342,1.0,0.0
0.43998432165606643,0.16522401517129634,1.0,0.0
0.43998432165606643,0.16858901366125065,1.0,0.0
0.43998432165606643,0.17195401215120498,1.0,0.0
0.43998432165606643,0.17531901064115932,1.0,0.0
0.43998432165606643,0.17868400913111362,1.0,0.0
0.43998432165606643,0.18204900762106796,1.0,0.0
0.43998432165606643,0.18541400611102227,1.0,0.0
0.43998432165606643,0.1887790046009766,1.0,0.0
0.43998432165606643,0.19214400309093094,1.0,0.0
0.43998432165606643,0.19550900158088524,1.0,0.0
0.43998432165606643,0.19887400007083958,1.0,0.0
0.43998432165606643,0.20223899856079391,1.0,0.0
0.43998432165606643,0.20560399705074822,1.0,0.0
0.43998432165606643,0.20896899554070256,1.0,0.0
0.43998432165606643,0.2123339940306569,1.0,0.0
0.43998432165606643,0.2156989925206112,1.0,0.0
0.43998432165606643,0.21906399101056553,1.0,0.0
0.43998432165606643,0.22242898950051984,1.0,0.0
0.43998432165606643,0.22579398799047418,1.0,0.0
0.43998432165606643,0.2291589864804285,1.0,0.0
0.43998432165606643,0.23252398497038282,1.0,0.0
0.43998432165606643,0.23588898346033715,1.0,0.0
0.43998432165606643,0.23925398195029146,1.0,0.0
0.43998432165606643,0.2426189804402458,1.0,0.0
0.43998432165606643,0.24598397893020013,1.0,0.0
0.43998432165606643,0.24934897742015444,1.0,0.0
0.43998432165606643,0.2527139759101088,1.0,0.0
0.4433493201460208,0.057544063492757945,1.0,0.0
0.4433493201460208,0.06090906198271227,1.0,0.0
0.4433493201460208,0.0642740604726666,1.0,0.0
0.4433493201460208,0.06763905896262092,1.0,0.0
0.4433493201460208,0.07100405745257524,1.0,0.0
0.4433493201460208,0.07436905594252957,1.0,0.0
0.4433493201460208,0.07773405443248389,1.0,0.0
0.4433493201460208,0.08109905292243821,1.0,0.0
0.4433493201460208,0.08446405141239255,1.0,0.0
0.4433493201460208,0.08782904990234687,1.0,0.0
0.4433493201460208,0.09119404839230119,1.0,0.0
0.4433493201460208,0.09455904688225551,1.0,0.0
0.4433493201460208,0.09792404537220983,1.0,0.0
0.4433493201460208,0.10128904386216417,1.0,0.0
0.4433493201460208,0.10465404235211849,1.0,0.0
0.4433493201460208,0.10801904084207281,1.0,0.0
0.4433493201460208,0.11138403933202715,1.0,0.0
0.4433493201460208,0.11474903782198147,1.0,0.0
0.4433493201460208,0.11811403631193579,1.0,0.0
0.4433493201460208,0.12147903480189011,1.0,0.0
0.4433493201460208,0.12484403329184443,1.0,0.0
0.4433493201460208,0.12820903178179877,1.0,0.0
0.4433493201460208,0.13157403027175307,1.0,0.0
0.4433493201460208,0.1349390287617074,1.0,0.0
0.4433493201460208,0.13830402725166174,1.0,0.0
0.4433493201460208,0.14166902574161605,1.0,0.0
0.4433493201460208,0.14503402423157039,1.0,0.0
0.4433493201460208,0.14839902272152472,1.0,0.0
0.4433493201460208,0.15176402121147903,1.0,0.0
0.4433493201460208,0.15512901970143336,1.0,0.0
0.4433493201460208,0.1584940181913877,1.0,0.0
0.4433493201460208,0.161859016681342,1.0,0.0
0.4433493201460208,0.16522401517129634,1.0,0.0
0.4433493201460208,0.16858901366125065,1.0,0.0
0.4433493201460208,0.17195401215120498,1.0,0.0
0.4433493201460208,0.17531901064115932,1.0,0.0
0.4433493201460208,0.17868400913111362,1.0,0.0
0.4433493201460208,0.18204900762106796,1.0,0.0
0.4433493201460208,0.18541400611102227,1.0,0.0
0.4433493201460208,0.1887790046009766,1.0,0.0
0.4433493201460208,0.19214400309093094,1.0,0.0
0.4433493201460208,0.19550900158088524,1.0,0.0
0.4433493201460208,0.19887400007083958,1.0,0.0
0.4433493201460208,0.20223899856079391,1.0,0.0
0.4433493201460208,0.20560399705074822,1.0,0.0
0.4433493201460208,0.20896899554070256,1.0,0.0
0.4433493201460208,0.2123339940306569,1.0,0.0
0.4433493201460208,0.2156989925206112,1.0,0.0
0.4433493201460208,0.21906399101056553,1.0,0.0
0.4433493201460208,0.22242898950051984,1.0,0.0
0.4433493201460208,0.22579398799047418,1.0,0.0
0.4433493201460208,0.2291589864804285,1.0,0.0
0.4433493201460208,0.23252398497038282,1.0,0.0
0.4433493201460208,0.23588898346033715,1.0,0.0
0.4433493201460208,0.23925398195029146,1.0,0.0
0.4433493201460208,0.2426189804402458,1.0,0.0
0.4433493201460208,0.24598397893020013,1.0,0.0
0.4433493201460208,0.24934897742015444,1.0,0.0
0.4433493201460208,0.2527139759101088,1.0,0.0
0.4467143186359751,0.057544063492757945,1.0,0.0
0.4467143186359751,0.06090906198271227,1.0,0.0
0.4467143186359751,0.0642740604726666,1.0,0.0
0.4467143186359751,0.06763905896262092,1.0,0.0
0.4467143186359751,0.07100405745257524,1.0,0.0
0.4467143186359751,0.07436905594252957,1.0,0.0
0.4467143186359751,0.07773405443248389,1.0,0.0
0.4467143186359751,0.08109905292243821,1.0,0.0
0.4467143186359751,0.08446405141239255,1.0,0.0
0.4467143186359751,0.08782904990234687,1.0,0.0
0.4467143186359751,0.09119404839230119,1.0,0.0
0.4467143186359751,0.09455904688225551,1.0,0.0
0.4467143186359751,0.09792404537220983,1.0,0.0
0.4467143186359751,0.10128904386216417,1.0,0.0
0.4467143186359751,0.10465404235211849,1.0,0.0
0.4467143186359751,0.10801904084207281,1.0,0.0
0.4467143186359751,0.11138403933202715,1.0,0.0
0.4467143186359751,0.11474903782198147,1.0,0.0
0.4467143186359751,0.11811403631193579,1.0,0.0
0.4467143186359751,0.12147903480189011,1.0,0.0
0.4467143186359751,0.12484403329184443,1.0,0.0
0.4467143186359751,0.12820903178179877,1.0,0.0
0.4467143186359751,0.13157403027175307,1.0,0.0
0.4467143186359751,0.1349390287617074,1.0,0.0
0.4467143186359751,0.13830402725166174,1.0,0.0
0.4467143186359751,0.14166902574161605,1.0,0.0
0.4467143186359751,0.14503402423157039,1.0,0.0
0.4467143186359751,0.14839902272152472,1.0,0.0
0.4467143186359751,0.15176402121147903,1.0,0.0
0.4467143186359751,0.15512901970143336,1.0,0.0
0.4467143186359751,0.1584940181913877,1.0,0.0
0.4467143186359751,0.161859016681342,1.0,0.0
0.4467143186359751,0.16522401517129634,1.0,0.0
0.4467143186359751,0.16858901366125065,1.0,0.0
0.4467143186359751,0.17195401215120498,1.0,0.0
0.4467143186359751,0.17531901064115932,1.0,0.0
0.4467143186359751,0.17868400913111362,1.0,0.0
0.4467143186359751,0.18204900762106796,1.0,0.0
0.4467143186359751,0.18541400611102227,1.0,0.0
0.4467143186359751,0.1887790046009766,1.0,0.0
0.4467143186359751,0.19214400309093094,1.0,0.0
0.4467143186359751,0.19550900158088524,1.0,0.0
0.4467143186359751,0.19887400007083958,1.0,0.0
0.4467143186359751,0.20223899856079391,1.0,0.0
0.4467143186359751,0.20560399705074822,1.0,0.0
0.4467143186359751,0.20896899554070256,1.0,0.0
0.4467143186359751,0.2123339940306569,1.0,0.0
0.4467143186359751,0.2156989925206112,1.0,0.0
0.4467143186359751,0.21906399101056553,1.0,0.0
0.4467143186359751,0.22242898950051984,1.0,0.0
0.4467143186359751,0.22579398799047418,1.0,0.0
0.4467143186359751,0.2291589864804285,1.0,0.0
0.4467143186359751,0.23252398497038282,1.0,0.0
0.4467143186359751,0.23588898346033715,1.0,0.0
0.4467143186359751,0.23925398195029146,1.0,0.0
0.4467143186359751,0.2426189804402458,1.0,0.0
0.4467143186359751,0.24598397893020013,1.0,0.0
0.4467143186359751,0.24934897742015444,1.0,0.0
0.4467143186359751,0.2527139759101088,1.0,0.0
0.4500793171259294,0.057544063492757945,1.0,0.0
0.4500793171259294,0.06090906198271227,1.0,0.0
0.4500793171259294,0.0642740604726666,1.0,0.0
0.4500793171259294,0.06763905896262092,1.0,0.0
0.4500793171259294,0.07100405745257524,1.0,0.0
0.4500793171259294,0.07436905594252957,1.0,0.0
0.4500793171259294,0.07773405443248389,1.0,0.0
0.4500793171259294,0.08109905292243821,1.0,0.0
0.4500793171259294,0.08446405141239255,1.0,0.0
0.4500793171259294,0.08782904990234687,1.0,0.0
0.4500793171259294,0.09119404839230119,1.0,0.0
0.4500793171259294,0.09455904688225551,1.0,0.0
0.4500793171259294,0.09792404537220983,1.0,0.0
0.4500793171259294,0.10128904386216417,1.0,0.0
0.4500793171259294,0.10465404235211849,1.0,0.0
0.4500793171259294,0.10801904084207281,1.0,0.0
0.4500793171259294,0.11138403933202715,1.0,0.0
0.4500793171259294,0.11474903782198147,1.0,0.0
0.4500793171259294,0.11811403631193579,1.0,0.0
0.4500793171259294,0.12147903480189011,1.0,0.0
0.4500793171259294,0.12484403329184443,1.0,0.0
0.4500793171259294,0.12820903178179877,1.0,0.0
0.4500793171259294,0.13157403027175307,1.0,0.0
0.4500793171259294,0.1349390287617074,1.0,0.0
0.4500793171259294,0.13830402725166174,1.0,0.0
0.4500793171259294,0.14166902574161605,1.0,0.0
0.4500793171259294,0.14503402423157039,1.0,0.0
0.4500793171259294,0.14839902272152472,1.0,0.0
0.4500793171259294,0.15176402121147903,1.0,0.0
0.4500793171259294,0.15512901970143336,1.0,0.0
0.4500793171259294,0.1584940181913877,1.0,0.0
0.4500793171259294,0.161859016681342,1.0,0.0
0.4500793171259294,0.16522401517129634,1.0,0.0
0.4500793171259294,0.16858901366125065,1.0,0.0
0.4500793171259294,0.17195401215120498,1.0,0.0
0.4500793171259294,0.17531901064115932,1.0,0.0
0.4500793171259294,0.17868400913111362,1.0,0.0
0.4500793171259294,0.18204900762106796,1.0,0.0
0.4500793171259294,0.18541400611102227,1.0,0.0
0.4500793171259294,0.1887790046009766,1.0,0.0
0.4500793171259294,0.19214400309093094,1.0,0.0
0.4500793171259294,0.19550900158088524,1.0,0.0
0.4500793171259294,0.19887400007083958,1.0,0.0
0.4500793171259294,0.20223899856079391,1.0,0.0
0.4500793171259294,0.20560399705074822,1.0,0.0
0.4500793171259294,0.20896899554070256,1.0,0.0
0.4500793171259294,0.2123339940306569,1.0,0.0
0.4500793171259294,0.2156989925206112,1.0,0.0
0.4500793171259294,0.21906399101056553,1.0,0.0
0.4500793171259294,0.22242898950051984,1.0,0.0
0.4500793171259294,0.22579398799047418,1.0,0.0
0.4500793171259294,0.2291589864804285,1.0,0.0
0.4500793171259294,0.23252398497038282,1.0,0.0
0.4500793171259294,0.23588898346033715,1.0,0.0
0.4500793171259294,0.23925398195029146,1.0,0.0
0.4500793171259294,0.2426189804402458,1.0,0.0
0.4500793171259294,0.24598397893020013,1.0,0.0
0.4500793171259294,0.24934897742015444,1.0,0.0
0.4500793171259294,0.2527139759101088,1.0,0.0
0.4500793171259294,0.2560789744000631,1.0,0.0
0.4534443156158838,0.057544063492757945,1.0,0.0
0.4534443156158838,0.06090906198271227,1.0,0.0
0.4534443156158838,0.0642740604726666,1.0,0.0
0.4534443156158838,0.06763905896262092,1.0,0.0
0.4534443156158838,0.07100405745257524,1.0,0.0
0.4534443156158838,0.07436905594252957,1.0,0.0
0.4534443156158838,0.07773405443248389,1.0,0.0
0.4534443156158838,0.08109905292243821,1.0,0.0
0.4534443156158838,0.08446405141239255,1.0,0.0
0.4534443156158838,0.08782904990234687,1.0,0.0
0.4534443156158838,0.09119404839230119,1.0,0.0
0.4534443156158838,0.09455904688225551,1.0,0.0
0.4534443156158838,0.09792404537220983,1.0,0.0
0.4534443156158838,0.10128904386216417,1.0,0.0
0.4534443156158838,0.10465404235211849,1.0,0.0
0.4534443156158838,0.10801904084207281,1.0,0.0
0.4534443156158838,0.11138403933202715,1.0,0.0
0.4534443156158838,0.11474903782198147,1.0,0.0
0.4534443156158838,0.11811403631193579,1.0,0.0
0.4534443156158838,0.12147903480189011,1.0,0.0
0.4534443156158838,0.12484403329184443,1.0,0.0
0.4534443156158838,0.12820903178179877,1.0,0.0
0.4534443156158838,0.13157403027175307,1.0,0.0
0.4534443156158838,0.1349390287617074,1.0,0.0
0.4534443156158838,0.13830402725166174,1.0,0.0
0.4534443156158838,0.14166902574161605,1.0,0.0
0.4534443156158838,0.14503402423157039,1.0,0.0
0.4534443156158838,0.14839902272152472,1.0,0.0
0.4534443156158838,0.15176402121147903,1.0,0.0
0.4534443156158838,0.15512901970143336,1.0,0.0
0.4534443156158838,0.1584940181913877,1.0,0.0
0.4534443156158838,0.161859016681342,1.0,0.0
0.4534443156158838,0.16522401517129634,1.0,0.0
0.4534443156158838,0.16858901366125065,1.0,0.0
0.4534443156158838,0.17195401215120498,1.0,0.0
0.4534443156158838,0.17531901064115932,1.0,0.0
0.4534443156158838,0.17868400913111362,1.0,0.0
0.4534443156158838,0.18204900762106796,1.0,0.0
0.4534443156158838,0.18541400611102227,1.0,0.0
0.4534443156158838,0.1887790046009766,1.0,0.0
0.4534443156158838,0.19214400309093094,1.0,0.0
0.4534443156158838,0.19550900158088524,1.0,0.0
0.4534443156158838,0.19887400007083958,1.0,0.0
0.4534443156158838,0.20223899856079391,1.0,0.0
0.4534443156158838,0.20560399705074822,1.0,0.0
0.4534443156158838,0.20896899554070256,1.0,0.0
0.4534443156158838,0.2123339940306569,1.0,0.0
0.4534443156158838,0.2156989925206112,1.0,0.0
0.4534443156158838,0.21906399101056553,1.0,0.0
0.4534443156158838,0.22242898950051984,1.0,0.0
0.4534443156158838,0.22579398799047418,1.0,0.0
0.4534443156158838,0.2291589864804285,1.0,0.0
0.4534443156158838,0.23252398497038282,1.0,0.0
0.4534443156158838,0.23588898346033715,1.0,0.0
0.4534443156158838,0.23925398195029146,1.0,0.0
0.4534443156158838,0.2426189804402458,1.0,0.0
0.4534443156158838,0.24598397893020013,1.0,0.0
0.4534443156158838,0.24934897742015444,1.0,0.0
0.4534443156158838,0.2527139759101088,1.0,0.0
0.4534443156158838,0.2560789744000631,1.0,0.0
0.4568093141058381,0.057544063492757945,1.0,0.0
0.4568093141058381,0.06090906198271227,1.0,0.0
0.4568093141058381,0.0642740604726666,1.0,0.0
0.4568093141058381,0.06763905896262092,1.0,0.0
0.4568093141058381,0.07100405745257524,1.0,0.0
0.4568093141058381,0.07436905594252957,1.0,0.0
0.4568093141058381,0.07773405443248389,1.0,0.0
0.4568093141058381,0.08109905292243821,1.0,0.0
0.4568093141058381,0.08446405141239255,1.0,0.0
0.4568093141058381,0.08782904990234687,1.0,0.0
0.4568093141058381,0.09119404839230119,1.0,0.0
0.4568093141058381,0.09455904688225551,1.0,0.0
0.4568093141058381,0.09792404537220983,1.0,0.0
0.4568093141058381,0.10128904386216417,1.0,0.0
0.4568093141058381,0.10465404235211849,1.0,0.0
0.4568093141058381,0.10801904084207281,1.0,0.0
0.4568093141058381,0.11138403933202715,1.0,0.0
0.4568093141058381,0.11474903782198147,1.0,0.0
0.4568093141058381,0.11811403631193579,1.0,0.0
0.4568093141058381,0.12147903480189011,1.0,0.0
0.4568093141058381,0.12484403329184443,1.0,0.0
0.4568093141058381,0.12820903178179877,1.0,0.0
0.4568093141058381,0.13157403027175307,1.0,0.0
0.4568093141058381,0.1349390287617074,1.0,0.0
0.4568093141058381,0.13830402725166174,1.0,0.0
0.4568093141058381,0.14166902574161605,1.0,0.0
0.4568093141058381,0.14503402423157039,1.0,0.0
0.4568093141058381,0.14839902272152472,1.0,0.0
0.4568093141058381,0.15176402121147903,1.0,0.0
0.4568093141058381,0.15512901970143336,1.0,0.0
0.4568093141058381,0.1584940181913877,1.0,0.0
0.4568093141058381,0.161859016681342,1.0,0.0
0.4568093141058381,0.16522401517129634,1.0,0.0
0.4568093141058381,0.16858901366125065,1.0,0.0
0.4568093141058381,0.17195401215120498,1.0,0.0
0.4568093141058381,0.17531901064115932,1.0,0.0
0.4568093141058381,0.17868400913111362,1.0,0.0
0.4568093141058381,0.18204900762106796,1.0,0.0
0.4568093141058381,0.18541400611102227,1.0,0.0
0.4568093141058381,0.1887790046009766,1.0,0.0
0.4568093141058381,0.19214400309093094,1.0,0.0
0.4568093141058381,0.19550900158088524,1.0,0.0
0.4568093141058381,0.19887400007083958,1.0,0.0
0.4568093141058381,0.20223899856079391,1.0,0.0
0.4568093141058381,0.20560399705074822,1.0,0.0
0.4568093141058381,0.20896899554070256,1.0,0.0
0.4568093141058381,0.2123339940306569,1.0,0.0
0.4568093141058381,0.2156989925206112,1.0,0.0
0.4568093141058381,0.21906399101056553,1.0,0.0
0.4568093141058381,0.22242898950051984,1.0,0.0
0.4568093141058381,0.22579398799047418,1.0,0.0
0.4568093141058381,0.2291589864804285,1.0,0.0
0.4568093141058381,0.23252398497038282,1.0,0.0
0.4568093141058381,0.23588898346033715,1.0,0.0
0.4568093141058381,0.23925398195029146,1.0,0.0
0.4568093141058381,0.2426189804402458,1.0,0.0
0.4568093141058381,0.24598397893020013,1.0,0.0
0.4568093141058381,0.24934897742015444,1.0,0.0
0.4568093141058381,0.2527139759101088,1.0,0.0
0.4568093141058381,0.2560789744000631,1.0,0.0
0.4568093141058381,0.2594439728900174,1.0,0.0
0.4601743125957924,0.057544063492757945,1.0,0.0
0.4601743125957924,0.06090906198271227,1.0,0.0
0.4601743125957924,0.0642740604726666,1.0,0.0
0.4601743125957924,0.06763905896262092,1.0,0.0
0.4601743125957924,0.07100405745257524,1.0,0.0
0.4601743125957924,0.07436905594252957,1.0,0.0
0.4601743125957924,0.07773405443248389,1.0,0.0
0.4601743125957924,0.08109905292243821,1.0,0.0
0.4601743125957924,0.08446405141239255,1.0,0.0
0.4601743125957924,0.08782904990234687,1.0,0.0
0.4601743125957924,0.09119404839230119,1.0,0.0
0.4601743125957924,0.09455904688225551,1.0,0.0
0.4601743125957924,0.09792404537220983,1.0,0.0
0.4601743125957924,0.10128904386216417,1.0,0.0
0.4601743125957924,0.10465404235211849,1.0,0.0
0.4601743125957924,0.10801904084207281,1.0,0.0
0.4601743125957924,0.11138403933202715,1.0,0.0
0.4601743125957924,0.11474903782198147,1.0,0.0
0.4601743125957924,0.11811403631193579,1.0,0.0
0.4601743125957924,0.12147903480189011,1.0,0.0
0.4601743125957924,0.12484403329184443,1.0,0.0
0.4601743125957924,0.12820903178179877,1.0,0.0
0.4601743125957924,0.13157403027175307,1.0,0.0
0.4601743125957924,0.1349390287617074,1.0,0.0
0.4601743125957924,0.13830402725166174,1.0,0.0
0.4601743125957924,0.14166902574161605,1.0,0.0
0.4601743125957924,0.14503402423157039,1.0,0.0
0.4601743125957924,0.14839902272152472,1.0,0.0
0.4601743125957924,0.15176402121147903,1.0,0.0
0.4601743125957924,0.15512901970143336,1.0,0.0
0.4601743125957924,0.1584940181913877,1.0,0.0
0.4601743125957924,0.161859016681342,1.0,0.0
0.4601743125957924,0.16522401517129634,1.0,0.0
0.4601743125957924,0.16858901366125065,1.0,0.0
0.4601743125957924,0.17195401215120498,1.0,0.0
0.4601743125957924,0.17531901064115932,1.0,0.0
0.4601743125957924,0.17868400913111362,1.0,0.0
0.4601743125957924,0.18204900762106796,1.0,0.0
0.4601743125957924,0.18541400611102227,1.0,0.0
0.4601743125957924,0.1887790046009766,1.0,0.0
0.4601743125957924,0.19214400309093094,1.0,0.0
0.4601743125957924,0.19550900158088524,1.0,0.0
0.4601743125957924,0.19887400007083958,1.0,0.0
0.4601743125957924,0.20223899856079391,1.0,0.0
0.4601743125957924,0.20560399705074822,1.0,0.0
0.4601743125957924,0.20896899554070256,1.0,0.0
0.4601743125957924,0.2123339940306569,1.0,0.0
0.4601743125957924,0.2156989925206112,1.0,0.0
0.4601743125957924,0.21906399101056553,1.0,0.0
0.4601743125957924,0.22242898950051984,1.0,0.0
0.4601743125957924,0.22579398799047418,1.0,0.0
0.4601743125957924,0.2291589864804285,1.0,0.0
0.4601743125957924,0.23252398497038282,1.0,0.0
0.4601743125957924,0.23588898346033715,1.0,0.0
0.4601743125957924,0.23925398195029146,1.0,0.0
0.4601743125957924,0.2426189804402458,1.0,0.0
0.4601743125957924,0.24598397893020013,1.0,0.0
0.4601743125957924,0.24934897742015444,1.0,0.0
0.4601743125957924,0.2527139759101088,1.0,0.0
0.4601743125957924,0.2560789744000631,1.0,0.0
0.4601743125957924,0.2594439728900174,1.0,0.0
0.46353931108574675,0.057544063492757945,1.0,0.0
0.46353931108574675,0.06090906198271227,1.0,0.0
0.46353931108574675,0.0642740604726666,1.0,0.0
0.46353931108574675,0.06763905896262092,1.0,0.0
0.46353931108574675,0.07100405745257524,1.0,0.0
0.46353931108574675,0.07436905594252957,1.0,0.0
0.46353931108574675,0.07773405443248389,1.0,0.0
0.46353931108574675,0.08109905292243821,1.0,0.0
0.46353931108574675,0.08446405141239255,1.0,0.0
0.46353931108574675,0.08782904990234687,1.0,0.0
0.46353931108574675,0.09119404839230119,1.0,0.0
0.46353931108574675,0.09455904688225551,1.0,0.0
0.46353931108574675,0.09792404537220983,1.0,0.0
0.46353931108574675,0.10128904386216417,1.0,0.0
0.46353931108574675,0.10465404235211849,1.0,0.0
0.46353931108574675,0.10801904084207281,1.0,0.0
0.46353931108574675,0.11138403933202715,1.0,0.0
0.46353931108574675,0.11474903782198147,1.0,0.0
0.46353931108574675,0.11811403631193579,1.0,0.0
0.46353931108574675,0.12147903480189011,1.0,0.0
0.46353931108574675,0.12484403329184443,1.0,0.0
0.46353931108574675,0.12820903178179877,1.0,0.0
0.46353931108574675,0.13157403027175307,1.0,0.0
0.46353931108574675,0.1349390287617074,1.0,0.0
0.46353931108574675,0.13830402725166174,1.0,0.0
0.46353931108574675,0.14166902574161605,1.0,0.0
0.46353931108574675,0.14503402423157039,1.0,0.0
0.46353931108574675,0.14839902272152472,1.0,0.0
0.46353931108574675,0.15176402121147903,1.0,0.0
0.46353931108574675,0.15512901970143336,1.0,0.0
0.46353931108574675,0.1584940181913877,1.0,0.0
0.46353931108574675,0.161859016681342,1.0,0.0
0.46353931108574675,0.16522401517129634,1.0,0.0
0.46353931108574675,0.16858901366125065,1.0,0.0
0.46353931108574675,0.17195401215120498,1.0,0.0
0.46353931108574675,0.17531901064115932,1.0,0.0
0.46353931108574675,0.17868400913111362,1.0,0.0
0.46353931108574675,0.18204900762106796,1.0,0.0
0.46353931108574675,0.18541400611102227,1.0,0.0
0.46353931108574675,0.1887790046009766,1.0,0.0
0.46353931108574675,0.19214400309093094,1.0,0.0
0.46353931108574675,0.19550900158088524,1.0,0.0
0.46353931108574675,0.19887400007083958,1.0,0.0
0.46353931108574675,0.20223899856079391,1.0,0.0
0.46353931108574675,0.20560399705074822,1.0,0.0
0.46353931108574675,0.20896899554070256,1.0,0.0
0.46353931108574675,0.2123339940306569,1.0,0.0
0.46353931108574675,0.2156989925206112,1.0,0.0
0.46353931108574675,0.21906399101056553,1.0,0.0
0.46353931108574675,0.22242898950051984,1.0,0.0
0.46353931108574675,0.22579398799047418,1.0,0.0
0.46353931108574675,0.2291589864804285,1.0,0.0
0.46353931108574675,0.23252398497038282,1.0,0.0
0.46353931108574675,0.23588898346033715,1.0,0.0
0.46353931108574675,0.23925398195029146,1.0,0.0
0.46353931108574675,0.2426189804402458,1.0,0.0
0.46353931108574675,0.24598397893020013,1.0,0.0
0.46353931108574675,0.24934897742015444,1.0,0.0
0.46353931108574675,0.2527139759101088,1.0,0.0
0.46353931108574675,0.2560789744000631,1.0,0.0
0.46353931108574675,0.2594439728900174,1.0,0.0
0.46690430957570106,0.057544063492757945,1.0,0.0
0.46690430957570106,0.06090906198271227,1.0,0.0
0.46690430957570106,0.0642740604726666,1.0,0.0
0.46690430957570106,0.06763905896262092,1.0,0.0
0.46690430957570106,0.07100405745257524,1.0,0.0
0.46690430957570106,0.07436905594252957,1.0,0.0
0.46690430957570106,0.07773405443248389,1.0,0.0
0.46690430957570106,0.08109905292243821,1.0,0.0
0.46690430957570106,0.08446405141239255,1.0,0.0
0.46690430957570106,0.08782904990234687,1.0,0.0
0.46690430957570106,0.09119404839230119,1.0,0.0
0.46690430957570106,0.09455904688225551,1.0,0.0
0.46690430957570106,0.09792404537220983,1.0,0.0
0.46690430957570106,0.10128904386216417,1.0,0.0
0.46690430957570106,0.10465404235211849,1.0,0.0
0.46690430957570106,0.10801904084207281,1.0,0.0
0.46690430957570106,0.11138403933202715,1.0,0.0
0.46690430957570106,0.11474903782198147,1.0,0.0
0.46690430957570106,0.11811403631193579,1.0,0.0
0.46690430957570106,0.12147903480189011,1.0,0.0
0.46690430957570106,0.12484403329184443,1.0,0.0
0.46690430957570106,0.12820903178179877,1.0,0.0
0.46690430957570106,0.13157403027175307,1.0,0.0
0.46690430957570106,0.1349390287617074,1.0,0.0
0.46690430957570106,0.13830402725166174,1.0,0.0
0.46690430957570106,0.14166902574161605,1.0,0.0
0.46690430957570106,0.14503402423157039,1.0,0.0
0.46690430957570106,0.14839902272152472,1.0,0.0
0.46690430957570106,0.15176402121147903,1.0,0.0
0.46690430957570106,0.15512901970143336,1.0,0.0
0.46690430957570106,0.1584940181913877,1.0,0.0
0.46690430957570106,0.161859016681342,1.0,0.0
0.46690430957570106,0.16522401517129634,1.0,0.0
0.46690430957570106,0.16858901366125065,1.0,0.0
0.46690430957570106,0.17195401215120498,1.0,0.0
0.46690430957570106,0.17531901064115932,1.0,0.0
0.46690430957570106,0.17868400913111362,1.0,0.0
0.46690430957570106,0.18204900762106796,1.0,0.0
0.46690430957570106,0.18541400611102227,1.0,0.0
0.46690430957570106,0.1887790046009766,1.0,0.0
0.46690430957570106,0.19214400309093094,1.0,0.0
0.46690430957570106,0.19550900158088524,1.0,0.0
0.46690430957570106,0.19887400007083958,1.0,0.0
0.46690430957570106,0.20223899856079391,1.0,0.0
0.46690430957570106,0.20560399705074822,1.0,0.0
0.46690430957570106,0.20896899554070256,1.0,0.0
0.46690430957570106,0.2123339940306569,1.0,0.0
0.46690430957570106,0.2156989925206112,1.0,0.0
0.46690430957570106,0.21906399101056553,1.0,0.0
0.46690430957570106,0.22242898950051984,1.0,0.0
0.46690430957570106,0.22579398799047418,1.0,0.0
0.46690430957570106,0.2291589864804285,1.0,0.0
0.46690430957570106,0.23252398497038282,1.0,0.0
0.46690430957570106,0.23588898346033715,1.0,0.0
0.46690430957570106,0.23925398195029146,1.0,0.0
0.46690430957570106,0.2426189804402458,1.0,0.0
0.46690430957570106,0.24598397893020013,1.0,0.0
0.46690430957570106,0.24934897742015444,1.0,0.0
0.46690430957570106,0.2527139759101088,1.0,0.0
0.46690430957570106,0.2560789744000631,1.0,0.0
0.46690430957570106,0.2594439728900174,1.0,0.0
0.46690430957570106,0.2628089713799717,1.0,0.0
0.47026930806565537,0.057544063492757945,1.0,0.0
0.47026930806565537,0.06090906198271227,1.0,0.0
0.47026930806565537,0.0642740604726666,1.0,0.0
0.47026930806565537,0.06763905896262092,1.0,0.0
0.47026930806565537,0.07100405745257524,1.0,0.0
0.47026930806565537,0.07436905594252957,1.0,0.0
0.47026930806565537,0.07773405443248389,1.0,0.0
0.47026930806565537,0.08109905292243821,1.0,0.0
0.47026930806565537,0.08446405141239255,1.0,0.0
0.47026930806565537,0.08782904990234687,1.0,0.0
0.47026930806565537,0.09119404839230119,1.0,0.0
0.47026930806565537,0.09455904688225551,1.0,0.0
0.47026930806565537,0.09792404537220983,1.0,0.0
0.47026930806565537,0.10128904386216417,1.0,0.0
0.47026930806565537,0.10465404235211849,1.0,0.0
0.47026930806565537,0.10801904084207281,1.0,0.0
0.47026930806565537,0.11138403933202715,1.0,0.0
0.47026930806565537,0.11474903782198147,1.0,0.0
0.47026930806565537,0.11811403631193579,1.0,0.0
0.47026930806565537,0.12147903480189011,1.0,0.0
0.47026930806565537,0.12484403329184443,1.0,0.0
0.47026930806565537,0.12820903178179877,1.0,0.0
0.47026930806565537,0.13157403027175307,1.0,0.0
0.47026930806565537,0.1349390287617074,1.0,0.0
0.47026930806565537,0.13830402725166174,1.0,0.0
0.47026930806565537,0.14166902574161605,1.0,0.0
0.47026930806565537,0.14503402423157039,1.0,0.0
0.47026930806565537,0.14839902272152472,1.0,0.0
0.47026930806565537,0.15176402121147903,1.0,0.0
0.47026930806565537,0.15512901970143336,1.0,0.0
0.47026930806565537,0.1584940181913877,1.0,0.0
0.47026930806565537,0.161859016681342,1.0,0.0
0.47026930806565537,0.16522401517129634,1.0,0.0
0.47026930806565537,0.16858901366125065,1.0,0.0
0.47026930806565537,0.17195401215120498,1.0,0.0
0.47026930806565537,0.17531901064115932,1.0,0.0
0.47026930806565537,0.17868400913111362,1.0,0.0
0.47026930806565537,0.18204900762106796,1.0,0.0
0.47026930806565537,0.18541400611102227,1.0,0.0
0.47026930806565537,0.1887790046009766,1.0,0.0
0.47026930806565537,0.19214400309093094,1.0,0.0
0.47026930806565537,0.19550900158088524,1.0,0.0
0.47026930806565537,0.19887400007083958,1.0,0.0
0.47026930806565537,0.20223899856079391,1.0,0.0
0.47026930806565537,0.20560399705074822,1.0,0.0
0.47026930806565537,0.20896899554070256,1.0,0.0
0.47026930806565537,0.2123339940306569,1.0,0.0
0.47026930806565537,0.2156989925206112,1.0,0.0
0.47026930806565537,0.21906399101056553,1.0,0.0
0.47026930806565537,0.22242898950051984,1.0,0.0
0.47026930806565537,0.22579398799047418,1.0,0.0
0.47026930806565537,0.2291589864804285,1.0,0.0
0.47026930806565537,0.23252398497038282,1.0,0.0
0.47026930806565537,0.23588898346033715,1.0,0.0
0.47026930806565537,0.23925398195029146,1.0,0.0
0.47026930806565537,0.2426189804402458,1.0,0.0
0.47026930806565537,0.24598397893020013,1.0,0.0
0.47026930806565537,0.24934897742015444,1.0,0.0
0.47026930806565537,0.2527139759101088,1.0,0.0
0.47026930806565537,0.2560789744000631,1.0,0.0
0.47026930806565537,0.2594439728900174,1.0,0.0
0.47026930806565537,0.2628089713799717,1.0,0.0
0.47363430655560973,0.06090906198271227,1.0,0.0
0.47363430655560973,0.0642740604726666,1.0,0.0
0.47363430655560973,0.06763905896262092,1.0,0.0
0.47363430655560973,0.07100405745257524,1.0,0.0
0.47363430655560973,0.07436905594252957,1.0,0.0
0.47363430655560973,0.07773405443248389,1.0,0.0
0.47363430655560973,0.08109905292243821,1.0,0.0
0.47363430655560973,0.08446405141239255,1.0,0.0
0.47363430655560973,0.08782904990234687,1.0,0.0
0.47363430655560973,0.09119404839230119,1.0,0.0
0.47363430655560973,0.09455904688225551,1.0,0.0
0.47363430655560973,0.09792404537220983,1.0,0.0
0.47363430655560973,0.10128904386216417,1.0,0.0
0.47363430655560973,0.10465404235211849,1.0,0.0
0.47363430655560973,0.10801904084207281,1.0,0.0
0.47363430655560973,0.11138403933202715,1.0,0.0
0.47363430655560973,0.11474903782198147,1.0,0.0
0.47363430655560973,0.11811403631193579,1.0,0.0
0.47363430655560973,0.12147903480189011,1.0,0.0
0.47363430655560973,0.12484403329184443,1.0,0.0
0.47363430655560973,0.12820903178179877,1.0,0.0
0.47363430655560973,0.13157403027175307,1.0,0.0
0.47363430655560973,0.1349390287617074,1.0,0.0
0.47363430655560973,0.13830402725166174,1.0,0.0
0.47363430655560973,0.14166902574161605,1.0,0.0
0.47363430655560973,0.14503402423157039,1.0,0.0
0.47363430655560973,0.14839902272152472,1.0,0.0
0.47363430655560973,0.15176402121147903,1.0,0.0
0.47363430655560973,0.15512901970143336,1.0,0.0
0.47363430655560973,0.1584940181913877,1.0,0.0
0.47363430655560973,0.161859016681342,1.0,0.0
0.47363430655560973,0.16522401517129634,1.0,0.0
0.47363430655560973,0.16858901366125065,1.0,0.0
0.47363430655560973,0.17195401215120498,1.0,0.0
0.47363430655560973,0.17531901064115932,1.0,0.0
0.47363430655560973,0.17868400913111362,1.0,0.0
0.47363430655560973,0.18204900762106796,1.0,0.0
0.47363430655560973,0.18541400611102227,1.0,0.0
0.47363430655560973,0.1887790046009766,1.0,0.0
0.47363430655560973,0.19214400309093094,1.0,0.0
0.47363430655560973,0.19550900158088524,1.0,0.0
0.47363430655560973,0.19887400007083958,1.0,0.0
0.47363430655560973,0.20223899856079391,1.0,0.0
0.47363430655560973,0.20560399705074822,1.0,0.0
0.47363430655560973,0.20896899554070256,1.0,0.0
0.47363430655560973,0.2123339940306569,1.0,0.0
0.47363430655560973,0.2156989925206112,1.0,0.0
0.47363430655560973,0.21906399101056553,1.0,0.0
0.47363430655560973,0.22242898950051984,1.0,0.0
0.47363430655560973,0.22579398799047418,1.0,0.0
0.47363430655560973,0.2291589864804285,1.0,0.0
0.47363430655560973,0.23252398497038282,1.0,0.0
0.47363430655560973,0.23588898346033715,1.0,0.0
0.47363430655560973,0.23925398195029146,1.0,0.0
0.47363430655560973,0.2426189804402458,1.0,0.0
0.47363430655560973,0.24598397893020013,1.0,0.0
0.47363430655560973,0.24934897742015444,1.0,0.0
0.47363430655560973,0.2527139759101088,1.0,0.0
0.47363430655560973,0.2560789744000631,1.0,0.0
0.47363430655560973,0.2594439728900174,1.0,0.0
0.47363430655560973,0.2628089713799717,1.0,0.0
0.47363430655560973,0.2661739698699261,1.0,0.0
0.47699930504556404,0.06090906198271227,1.0,0.0
0.47699930504556404,0.0642740604726666,1.0,0.0
0.47699930504556404,0.06763905896262092,1.0,0.0
0.47699930504556404,0.07100405745257524,1.0,0.0
0.47699930504556404,0.07436905594252957,1.0,0.0
0.47699930504556404,0.07773405443248389,1.0,0.0
0.47699930504556404,0.08109905292243821,1.0,0.0
0.47699930504556404,0.08446405141239255,1.0,0.0
0.47699930504556404,0.08782904990234687,1.0,0.0
0.47699930504556404,0.09119404839230119,1.0,0.0
0.47699930504556404,0.09455904688225551,1.0,0.0
0.47699930504556404,0.09792404537220983,1.0,0.0
0.47699930504556404,0.10128904386216417,1.0,0.0
0.47699930504556404,0.10465404235211849,1.0,0.0
0.47699930504556404,0.10801904084207281,1.0,0.0
0.47699930504556404,0.11138403933202715,1.0,0.0
0.47699930504556404,0.11474903782198147,1.0,0.0
0.47699930504556404,0.11811403631193579,1.0,0.0
0.47699930504556404,0.12147903480189011,1.0,0.0
0.47699930504556404,0.12484403329184443,1.0,0.0
0.47699930504556404,0.12820903178179877,1.0,0.0
0.47699930504556404,0.13157403027175307,1.0,0.0
0.47699930504556404,0.1349390287617074,1.0,0.0
0.47699930504556404,0.13830402725166174,1.0,0.0
0.47699930504556404,0.14166902574161605,1.0,0.0
0.47699930504556404,0.14503402423157039,1.0,0.0
0.47699930504556404,0.14839902272152472,1.0,0.0
0.47699930504556404,0.15176402121147903,1.0,0.0
0.47699930504556404,0.15512901970143336,1.0,0.0
0.47699930504556404,0.1584940181913877,1.0,0.0
0.47699930504556404,0.161859016681342,1.0,0.0
0.47699930504556404,0.16522401517129634,1.0,0.0
0.47699930504556404,0.16858901366125065,1.0,0.0
0.47699930504556404,0.17195401215120498,1.0,0.0
0.47699930504556404,0.17531901064115932,1.0,0.0
0.47699930504556404,0.17868400913111362,1.0,0.0
0.47699930504556404,0.18204900762106796,1.0,0.0
0.47699930504556404,0.18541400611102227,1.0,0.0
0.47699930504556404,0.1887790046009766,1.0,0.0
0.47699930504556404,0.19214400309093094,1.0,0.0
0.47699930504556404,0.19550900158088524,1.0,0.0
0.47699930504556404,0.19887400007083958,1.0,0.0
0.47699930504556404,0.20223899856079391,1.0,0.0
0.47699930504556404,0.20560399705074822,1.0,0.0
0.47699930504556404,0.20896899554070256,1.0,0.0
0.47699930504556404,0.2123339940306569,1.0,0.0
0.47699930504556404,0.2156989925206112,1.0,0.0
0.47699930504556404,0.21906399101056553,1.0,0.0
0.47699930504556404,0.22242898950051984,1.0,0.0
0.47699930504556404,0.22579398799047418,1.0,0.0
0.47699930504556404,0.2291589864804285,1.0,0.0
0.47699930504556404,0.23252398497038282,1.0,0.0
0.47699930504556404,0.23588898346033715,1.0,0.0
0.47699930504556404,0.23925398195029146,1.0,0.0
0.47699930504556404,0.2426189804402458,1.0,0.0
0.47699930504556404,0.24598397893020013,1.0,0.0
0.47699930504556404,0.24934897742015444,1.0,0.0
0.47699930504556404,0.2527139759101088,1.0,0.0
0.47699930504556404,0.2560789744000631,1.0,0.0
0.47699930504556404,0.2594439728900174,1.0,0.0
0.47699930504556404,0.2628089713799717,1.0,0.0
0.47699930504556404,0.2661739698699261,1.0,0.0
0.4803643035355184,0.06090906198271227,1.0,0.0
0.4803643035355184,0.0642740604726666,1.0,0.0
0.4803643035355184,0.06763905896262092,1.0,0.0
0.4803643035355184,0.07100405745257524,1.0,0.0
0.4803643035355184,0.07436905594252957,1.0,0.0
0.4803643035355184,0.07773405443248389,1.0,0.0
0.4803643035355184,0.08109905292243821,1.0,0.0
0.4803643035355184,0.08446405141239255,1.0,0.0
0.4803643035355184,0.08782904990234687,1.0,0.0
0.4803643035355184,0.09119404839230119,1.0,0.0
0.4803643035355184,0.09455904688225551,1.0,0.0
0.4803643035355184,0.09792404537220983,1.0,0.0
0.4803643035355184,0.10128904386216417,1.0,0.0
0.4803643035355184,0.10465404235211849,1.0,0.0
0.4803643035355184,0.10801904084207281,1.0,0.0
0.4803643035355184,0.11138403933202715,1.0,0.0
0.4803643035355184,0.11474903782198147,1.0,0.0
0.4803643035355184,0.11811403631193579,1.0,0.0
0.4803643035355184,0.12147903480189011,1.0,0.0
0.4803643035355184,0.12484403329184443,1.0,0.0
0.4803643035355184,0.12820903178179877,1.0,0.0
0.4803643035355184,0.13157403027175307,1.0,0.0
0.4803643035355184,0.1349390287617074,1.0,0.0
0.4803643035355184,0.13830402725166174,1.0,0.0
0.4803643035355184,0.14166902574161605,1.0,0.0
0.4803643035355184,0.14503402423157039,1.0,0.0
0.4803643035355184,0.14839902272152472,1.0,0.0
0.4803643035355184,0.15176402121147903,1.0,0.0
0.4803643035355184,0.15512901970143336,1.0,0.0
0.4803643035355184,0.1584940181913877,1.0,0.0
0.4803643035355184,0.161859016681342,1.0,0.0
0.4803643035355184,0.16522401517129634,1.0,0.0
0.4803643035355184,0.16858901366125065,1.0,0.0
0.4803643035355184,0.17195401215120498,1.0,0.0
0.4803643035355184,0.17531901064115932,1.0,0.0
0.4803643035355184,0.17868400913111362,1.0,0.0
0.4803643035355184,0.18204900762106796,1.0,0.0
0.4803643035355184,0.18541400611102227,1.0,0.0
0.4803643035355184,0.1887790046009766,1.0,0.0
0.4803643035355184,0.19214400309093094,1.0,0.0
0.4803643035355184,0.19550900158088524,1.0,0.0
0.4803643035355184,0.19887400007083958,1.0,0.0
0.4803643035355184,0.20223899856079391,1.0,0.0
0.4803643035355184,0.20560399705074822,1.0,0.0
0.4803643035355184,0.20896899554070256,1.0,0.0
0.4803643035355184,0.2123339940306569,1.0,0.0
0.4803643035355184,0.2156989925206112,1.0,0.0
0.4803643035355184,0.21906399101056553,1.0,0.0
0.4803643035355184,0.22242898950051984,1.0,0.0
0.4803643035355184,0.22579398799047418,1.0,0.0
0.4803643035355184,0.2291589864804285,1.0,0.0
0.4803643035355184,0.23252398497038282,1.0,0.0
0.4803643035355184,0.23588898346033715,1.0,0.0
0.4803643035355184,0.23925398195029146,1.0,0.0
0.4803643035355184,0.2426189804402458,1.0,0.0
0.4803643035355184,0.24598397893020013,1.0,0.0
0.4803643035355184,0.24934897742015444,1.0,0.0
0.4803643035355184,0.2527139759101088,1.0,0.0
0.4803643035355184,0.2560789744000631,1.0,0.0
0.4803643035355184,0.2594439728900174,1.0,0.0
0.4803643035355184,0.2628089713799717,1.0,0.0
0.4803643035355184,0.2661739698699261,1.0,0.0
0.4837293020254727,0.06090906198271227,1.0,0.0
0.4837293020254727,0.0642740604726666,1.0,0.0
0.4837293020254727,0.06763905896262092,1.0,0.0
0.4837293020254727,0.07100405745257524,1.0,0.0
0.4837293020254727,0.07436905594252957,1.0,0.0
0.4837293020254727,0.07773405443248389,1.0,0.0
0.4837293020254727,0.08109905292243821,1.0,0.0
0.4837293020254727,0.08446405141239255,1.0,0.0
0.4837293020254727,0.08782904990234687,1.0,0.0
0.4837293020254727,0.09119404839230119,1.0,0.0
0.4837293020254727,0.09455904688225551,1.0,0.0
0.4837293020254727,0.09792404537220983,1.0,0.0
0.4837293020254727,0.10128904386216417,1.0,0.0
0.4837293020254727,0.10465404235211849,1.0,0.0
0.4837293020254727,0.10801904084207281,1.0,0.0
0.4837293020254727,0.11138403933202715,1.0,0.0
0.4837293020254727,0.11474903782198147,1.0,0.0
0.4837293020254727,0.11811403631193579,1.0,0.0
0.4837293020254727,0.12147903480189011,1.0,0.0
0.4837293020254727,0.12484403329184443,1.0,0.0
0.4837293020254727,0.12820903178179877,1.0,0.0
0.4837293020254727,0.13157403027175307,1.0,0.0
0.4837293020254727,0.1349390287617074,1.0,0.0
0.4837293020254727,0.13830402725166174,1.0,0.0
0.4837293020254727,0.14166902574161605,1.0,0.0
0.4837293020254727,0.14503402423157039,1.0,0.0
0.4837293020254727,0.14839902272152472,1.0,0.0
0.4837293020254727,0.15176402121147903,1.0,0.0
0.4837293020254727,0.15512901970143336,1.0,0.0
0.4837293020254727,0.1584940181913877,1.0,0.0
0.4837293020254727,0.161859016681342,1.0,0.0
0.4837293020254727,0.16522401517129634,1.0,0.0
0.4837293020254727,0.16858901366125065,1.0,0.0
0.4837293020254727,0.17195401215120498,1.0,0.0
0.4837293020254727,0.17531901064115932,1.0,0.0
0.4837293020254727,0.17868400913111362,1.0,0.0
0.4837293020254727,0.18204900762106796,1.0,0.0
0.4837293020254727,0.18541400611102227,1.0,0.0
0.4837293020254727,0.1887790046009766,1.0,0.0
0.4837293020254727,0.19214400309093094,1.0,0.0
0.4837293020254727,0.19550900158088524,1.0,0.0
0.4837293020254727,0.19887400007083958,1.0,0.0
0.4837293020254727,0.20223899856079391,1.0,0.0
0.4837293020254727,0.20560399705074822,1.0,0.0
0.4837293020254727,0.20896899554070256,1.0,0.0
0.4837293020254727,0.2123339940306569,1.0,0.0
0.4837293020254727,0.2156989925206112,1.0,0.0
0.4837293020254727,0.21906399101056553,1.0,0.0
0.4837293020254727,0.22242898950051984,1.0,0.0
0.4837293020254727,0.22579398799047418,1.0,0.0
0.4837293020254727,0.2291589864804285,1.0,0.0
0.4837293020254727,0.23252398497038282,1.0,0.0
0.4837293020254727,0.23588898346033715,1.0,0.0
0.4837293020254727,0.23925398195029146,1.0,0.0
0.4837293020254727,0.2426189804402458,1.0,0.0
0.4837293020254727,0.24598397893020013,1.0,0.0
0.4837293020254727,0.24934897742015444,1.0,0.0
0.4837293020254727,0.2527139759101088,1.0,0.0
0.4837293020254727,0.2560789744000631,1.0,0.0
0.4837293020254727,0.2594439728900174,1.0,0.0
0.4837293020254727,0.2628089713799717,1.0,0.0
0.4837293020254727,0.2661739698699261,1.0,0.0
0.487094300515427,0.06090906198271227,1.0,0.0
0.487094300515427,0.0642740604726666,1.0,0.0
0.487094300515427,0.06763905896262092,1.0,0.0
0.487094300515427,0.07100405745257524,1.0,0.0
0.487094300515427,0.07436905594252957,1.0,0.0
0.487094300515427,0.07773405443248389,1.0,0.0
0.487094300515427,0.08109905292243821,1.0,0.0
0.487094300515427,0.08446405141239255,1.0,0.0
0.487094300515427,0.08782904990234687,1.0,0.0
0.487094300515427,0.09119404839230119,1.0,0.0
0.487094300515427,0.09455904688225551,1.0,0.0
0.487094300515427,0.09792404537220983,1.0,0.0
0.487094300515427,0.10128904386216417,1.0,0.0
0.487094300515427,0.10465404235211849,1.0,0.0
0.487094300515427,0.10801904084207281,1.0,0.0
0.487094300515427,0.11138403933202715,1.0,0.0
0.487094300515427,0.11474903782198147,1.0,0.0
0.487094300515427,0.11811403631193579,1.0,0.0
0.487094300515427,0.12147903480189011,1.0,0.0
0.487094300515427,0.12484403329184443,1.0,0.0
0.487094300515427,0.12820903178179877,1.0,0.0
0.487094300515427,0.13157403027175307,1.0,0.0
0.487094300515427,0.1349390287617074,1.0,0.0
0.487094300515427,0.13830402725166174,1.0,0.0
0.487094300515427,0.14166902574161605,1.0,0.0
0.487094300515427,0.14503402423157039,1.0,0.0
0.487094300515427,0.14839902272152472,1.0,0.0
0.487094300515427,0.15176402121147903,1.0,0.0
0.487094300515427,0.15512901970143336,1.0,0.0
0.487094300515427,0.1584940181913877,1.0,0.0
0.487094300515427,0.161859016681342,1.0,0.0
0.487094300515427,0.16522401517129634,1.0,0.0
0.487094300515427,0.16858901366125065,1.0,0.0
0.487094300515427,0.17195401215120498,1.0,0.0
0.487094300515427,0.17531901064115932,1.0,0.0
0.487094300515427,0.17868400913111362,1.0,0.0
0.487094300515427,0.18204900762106796,1.0,0.0
0.487094300515427,0.18541400611102227,1.0,0.0
0.487094300515427,0.1887790046009766,1.0,0.0
0.487094300515427,0.19214400309093094,1.0,0.0
0.487094300515427,0.19550900158088524,1.0,0.0
0.487094300515427,0.19887400007083958,1.0,0.0
0.487094300515427,0.20223899856079391,1.0,0.0
0.487094300515427,0.20560399705074822,1.0,0.0
0.487094300515427,0.20896899554070256,1.0,0.0
0.487094300515427,0.2123339940306569,1.0,0.0
0.487094300515427,0.2156989925206112,1.0,0.0
0.487094300515427,0.21906399101056553,1.0,0.0
0.487094300515427,0.22242898950051984,1.0,0.0
0.487094300515427,0.22579398799047418,1.0,0.0
0.487094300515427,0.2291589864804285,1.0,0.0
0.487094300515427,0.23252398497038282,1.0,0.0
0.487094300515427,0.23588898346033715,1.0,0.0
0.487094300515427,0.23925398195029146,1.0,0.0
0.487094300515427,0.2426189804402458,1.0,0.0
0.487094300515427,0.24598397893020013,1.0,0.0
0.487094300515427,0.24934897742015444,1.0,0.0
0.487094300515427,0.2527139759101088,1.0,0.0
0.487094300515427,0.2560789744000631,1.0,0.0
0.487094300515427,0.2594439728900174,1.0,0.0
0.487094300515427,0.2628089713799717,1.0,0.0
0.487094300515427,0.2661739698699261,1.0,0.0
0.4904592990053814,0.06090906198271227,1.0,0.0
0.4904592990053814,0.0642740604726666,1.0,0.0
0.4904592990053814,0.06763905896262092,1.0,0.0
0.4904592990053814,0.07100405745257524,1.0,0.0
0.4904592990053814,0.07436905594252957,1.0,0.0
0.4904592990053814,0.07773405443248389,1.0,0.0
0.4904592990053814,0.08109905292243821,1.0,0.0
0.4904592990053814,0.08446405141239255,1.0,0.0
0.4904592990053814,0.08782904990234687,1.0,0.0
0.4904592990053814,0.09119404839230119,1.0,0.0
0.4904592990053814,0.09455904688225551,1.0,0.0
0.4904592990053814,0.09792404537220983,1.0,0.0
0.4904592990053814,0.10128904386216417,1.0,0.0
0.4904592990053814,0.10465404235211849,1.0,0.0
0.4904592990053814,0.10801904084207281,1.0,0.0
0.4904592990053814,0.11138403933202715,1.0,0.0
0.4904592990053814,0.11474903782198147,1.0,0.0
0.4904592990053814,0.11811403631193579,1.0,0.0
0.4904592990053814,0.12147903480189011,1.0,0.0
0.4904592990053814,0.12484403329184443,1.0,0.0
0.4904592990053814,0.12820903178179877,1.0,0.0
0.4904592990053814,0.13157403027175307,1.0,0.0
0.4904592990053814,0.1349390287617074,1.0,0.0
0.4904592990053814,0.13830402725166174,1.0,0.0
0.4904592990053814,0.14166902574161605,1.0,0.0
0.4904592990053814,0.14503402423157039,1.0,0.0
0.4904592990053814,0.14839902272152472,1.0,0.0
0.4904592990053814,0.15176402121147903,1.0,0.0
0.4904592990053814,0.15512901970143336,1.0,0.0
0.4904592990053814,0.1584940181913877,1.0,0.0
0.4904592990053814,0.161859016681342,1.0,0.0
0.4904592990053814,0.16522401517129634,1.0,0.0
0.4904592990053814,0.16858901366125065,1.0,0.0
0.4904592990053814,0.17195401215120498,1.0,0.0
0.4904592990053814,0.17531901064115932,1.0,0.0
0.4904592990053814,0.17868400913111362,1.0,0.0
0.4904592990053814,0.18204900762106796,1.0,0.0
0.4904592990053814,0.18541400611102227,1.0,0.0
0.4904592990053814,0.1887790046009766,1.0,0.0
0.4904592990053814,0.19214400309093094,1.0,0.0
0.4904592990053814,0.19550900158088524,1.0,0.0
0.4904592990053814,0.19887400007083958,1.0,0.0
0.4904592990053814,0.20223899856079391,1.0,0.0
0.4904592990053814,0.20560399705074822,1.0,0.0
0.4904592990053814,0.20896899554070256,1.0,0.0
0.4904592990053814,0.2123339940306569,1.0,0.0
0.4904592990053814,0.2156989925206112,1.0,0.0
0.4904592990053814,0.21906399101056553,1.0,0.0
0.4904592990053814,0.22242898950051984,1.0,0.0
0.4904592990053814,0.22579398799047418,1.0,0.0
0.4904592990053814,0.2291589864804285,1.0,0.0
0.4904592990053814,0.23252398497038282,1.0,0.0
0.4904592990053814,0.23588898346033715,1.0,0.0
0.4904592990053814,0.23925398195029146,1.0,0.0
0.4904592990053814,0.2426189804402458,1.0,0.0
0.4904592990053814,0.24598397893020013,1.0,0.0
0.4904592990053814,0.24934897742015444,1.0,0.0
0.4904592990053814,0.2527139759101088,1.0,0.0
0.4904592990053814,0.2560789744000631,1.0,0.0
0.4904592990053814,0.2594439728900174,1.0,0.0
0.4904592990053814,0.2628089713799717,1.0,0.0
0.4904592990053814,0.2661739698699261,1.0,0.0
0.4938242974953357,0.06090906198271227,1.0,0.0
0.4938242974953357,0.0642740604726666,1.0,0.0
0.4938242974953357,0.06763905896262092,1.0,0.0
0.4938242974953357,0.07100405745257524,1.0,0.0
0.4938242974953357,0.07436905594252957,1.0,0.0
0.4938242974953357,0.07773405443248389,1.0,0.0
0.4938242974953357,0.08109905292243821,1.0,0.0
0.4938242974953357,0.08446405141239255,1.0,0.0
0.4938242974953357,0.08782904990234687,1.0,0.0
0.4938242974953357,0.09119404839230119,1.0,0.0
0.4938242974953357,0.09455904688225551,1.0,0.0
0.4938242974953357,0.09792404537220983,1.0,0.0
0.4938242974953357,0.10128904386216417,1.0,0.0
0.4938242974953357,0.10465404235211849,1.0,0.0
0.4938242974953357,0.10801904084207281,1.0,0.0
0.4938242974953357,0.11138403933202715,1.0,0.0
0.4938242974953357,0.11474903782198147,1.0,0.0
0.4938242974953357,0.11811403631193579,1.0,0.0
0.4938242974953357,0.12147903480189011,1.0,0.0
0.4938242974953357,0.12484403329184443,1.0,0.0
0.4938242974953357,0.12820903178179877,1.0,0.0
0.4938242974953357,0.13157403027175307,1.0,0.0
0.4938242974953357,0.1349390287617074,1.0,0.0
0.4938242974953357,0.13830402725166174,1.0,0.0
0.4938242974953357,0.14166902574161605,1.0,0.0
0.4938242974953357,0.14503402423157039,1.0,0.0
0.4938242974953357,0.14839902272152472,1.0,0.0
0.4938242974953357,0.15176402121147903,1.0,0.0
0.4938242974953357,0.15512901970143336,1.0,0.0
0.4938242974953357,0.1584940181913877,1.0,0.0
0.4938242974953357,0.161859016681342,1.0,0.0
0.4938242974953357,0.16522401517129634,1.0,0.0
0.4938242974953357,0.16858901366125065,1.0,0.0
0.4938242974953357,0.17195401215120498,1.0,0.0
0.4938242974953357,0.17531901064115932,1.0,0.0
0.4938242974953357,0.17868400913111362,1.0,0.0
0.4938242974953357,0.18204900762106796,1.0,0.0
0.4938242974953357,0.18541400611102227,1.0,0.0
0.4938242974953357,0.1887790046009766,1.0,0.0
0.4938242974953357,0.19214400309093094,1.0,0.0
0.4938242974953357,0.19550900158088524,1.0,0.0
0.4938242974953357,0.19887400007083958,1.0,0.0
0.4938242974953357,0.20223899856079391,1.0,0.0
0.4938242974953357,0.20560399705074822,1.0,0.0
0.4938242974953357,0.20896899554070256,1.0,0.0
0.4938242974953357,0.2123339940306569,1.0,0.0
0.4938242974953357,0.2156989925206112,1.0,0.0
0.4938242974953357,0.21906399101056553,1.0,0.0
0.4938242974953357,0.22242898950051984,1.0,0.0
0.4938242974953357,0.22579398799047418,1.0,0.0
0.4938242974953357,0.2291589864804285,1.0,0.0
0.4938242974953357,0.23252398497038282,1.0,0.0
0.4938242974953357,0.23588898346033715,1.0,0.0
0.4938242974953357,0.23925398195029146,1.0,0.0
0.4938242974953357,0.2426189804402458,1.0,0.0
0.4938242974953357,0.24598397893020013,1.0,0.0
0.4938242974953357,0.24934897742015444,1.0,0.0
0.4938242974953357,0.2527139759101088,1.0,0.0
0.4938242974953357,0.2560789744000631,1.0,0.0
0.4938242974953357,0.2594439728900174,1.0,0.0
0.4938242974953357,0.2628089713799717,1.0,0.0
0.4938242974953357,0.2661739698699261,1.0,0.0
0.4938242974953357,0.2695389683598804,1.0,0.0
0.49718929598529005,0.06090906198271227,1.0,0.0
0.49718929598529005,0.0642740604726666,1.0,0.0
0.49718929598529005,0.06763905896262092,1.0,0.0
0.49718929598529005,0.07100405745257524,1.0,0.0
0.49718929598529005,0.07436905594252957,1.0,0.0
0.49718929598529005,0.07773405443248389,1.0,0.0
0.49718929598529005,0.08109905292243821,1.0,0.0
0.49718929598529005,0.08446405141239255,1.0,0.0
0.49718929598529005,0.08782904990234687,1.0,0.0
0.49718929598529005,0.09119404839230119,1.0,0.0
0.49718929598529005,0.09455904688225551,1.0,0.0
0.49718929598529005,0.09792404537220983,1.0,0.0
0.49718929598529005,0.10128904386216417,1.0,0.0
0.49718929598529005,0.10465404235211849,1.0,0.0
0.49718929598529005,0.10801904084207281,1.0,0.0
0.49718929598529005,0.11138403933202715,1.0,0.0
0.49718929598529005,0.11474903782198147,1.0,0.0
0.49718929598529005,0.11811403631193579,1.0,0.0
0.49718929598529005,0.12147903480189011,1.0,0.0
0.49718929598529005,0.12484403329184443,1.0,0.0
0.49718929598529005,0.12820903178179877,1.0,0.0
0.49718929598529005,0.13157403027175307,1.0,0.0
0.49718929598529005,0.1349390287617074,1.0,0.0
0.49718929598529005,0.13830402725166174,1.0,0.0
0.49718929598529005,0.14166902574161605,1.0,0.0
0.49718929598529005,0.14503402423157039,1.0,0.0
0.49718929598529005,0.14839902272152472,1.0,0.0
0.49718929598529005,0.15176402121147903,1.0,0.0
0.49718929598529005,0.15512901970143336,1.0,0.0
0.49718929598529005,0.1584940181913877,1.0,0.0
0.49718929598529005,0.161859016681342,1.0,0.0
0.49718929598529005,0.16522401517129634,1.0,0.0
0.49718929598529005,0.16858901366125065,1.0,0.0
0.49718929598529005,0.17195401215120498,1.0,0.0
0.49718929598529005,0.17531901064115932,1.0,0.0
0.49718929598529005,0.17868400913111362,1.0,0.0
0.49718929598529005,0.18204900762106796,1.0,0.0
0.49718929598529005,0.18541400611102227,1.0,0.0
0.49718929598529005,0.1887790046009766,1.0,0.0
0.49718929598529005,0.19214400309093094,1.0,0.0
0.49718929598529005,0.19550900158088524,1.0,0.0
0.49718929598529005,0.19887400007083958,1.0,0.0
0.49718929598529005,0.20223899856079391,1.0,0.0
0.49718929598529005,0.20560399705074822,1.0,0.0
0.49718929598529005,0.20896899554070256,1.0,0.0
0.49718929598529005,0.2123339940306569,1.0,0.0
0.49718929598529005,0.2156989925206112,1.0,0.0
0.49718929598529005,0.21906399101056553,1.0,0.0
0.49718929598529005,0.22242898950051984,1.0,0.0
0.49718929598529005,0.22579398799047418,1.0,0.0
0.49718929598529005,0.2291589864804285,1.0,0.0
0.49718929598529005,0.23252398497038282,1.0,0.0
0.49718929598529005,0.23588898346033715,1.0,0.0
0.49718929598529005,0.23925398195029146,1.0,0.0
0.49718929598529005,0.2426189804402458,1.0,0.0
0.49718929598529005,0.24598397893020013,1.0,0.0
0.49718929598529005,0.24934897742015444,1.0,0.0
0.49718929598529005,0.2527139759101088,1.0,0.0
0.49718929598529005,0.2560789744000631,1.0,0.0
0.49718929598529005,0.2594439728900174,1.0,0.0
0.49718929598529005,0.2628089713799717,1.0,0.0
0.49718929598529005,0.2661739698699261,1.0,0.0
0.49718929598529005,0.2695389683598804,1.0,0.0
0.5005542944752444,0.06090906198271227,1.0,0.0
0.5005542944752444,0.0642740604726666,1.0,0.0
0.5005542944752444,0.06763905896262092,1.0,0.0
0.5005542944752444,0.07100405745257524,1.0,0.0
0.5005542944752444,0.07436905594252957,1.0,0.0
0.5005542944752444,0.07773405443248389,1.0,0.0
0.5005542944752444,0.08109905292243821,1.0,0.0
0.5005542944752444,0.08446405141239255,1.0,0.0
0.5005542944752444,0.08782904990234687,1.0,0.0
0.5005542944752444,0.09119404839230119,1.0,0.0
0.5005542944752444,0.09455904688225551,1.0,0.0
0.5005542944752444,0.09792404537220983,1.0,0.0
0.5005542944752444,0.10128904386216417,1.0,0.0
0.5005542944752444,0.10465404235211849,1.0,0.0
0.5005542944752444,0.10801904084207281,1.0,0.0
0.5005542944752444,0.11138403933202715,1.0,0.0
0.5005542944752444,0.11474903782198147,1.0,0.0
0.5005542944752444,0.11811403631193579,1.0,0.0
0.5005542944752444,0.12147903480189011,1.0,0.0
0.5005542944752444,0.12484403329184443,1.0,0.0
0.5005542944752444,0.12820903178179877,1.0,0.0
0.5005542944752444,0.13157403027175307,1.0,0.0
0.5005542944752444,0.1349390287617074,1.0,0.0
0.5005542944752444,0.13830402725166174,1.0,0.0
0.5005542944752444,0.14166902574161605,1.0,0.0
0.5005542944752444,0.14503402423157039,1.0,0.0
0.5005542944752444,0.14839902272152472,1.0,0.0
0.5005542944752444,0.15176402121147903,1.0,0.0
0.5005542944752444,0.15512901970143336,1.0,0.0
0.5005542944752444,0.1584940181913877,1.0,0.0
0.5005542944752444,0.161859016681342,1.0,0.0
0.5005542944752444,0.16522401517129634,1.0,0.0
0.5005542944752444,0.16858901366125065,1.0,0.0
0.5005542944752444,0.17195401215120498,1.0,0.0
0.5005542944752444,0.17531901064115932,1.0,0.0
0.5005542944752444,0.17868400913111362,1.0,0.0
0.5005542944752444,0.18204900762106796,1.0,0.0
0.5005542944752444,0.18541400611102227,1.0,0.0
0.5005542944752444,0.1887790046009766,1.0,0.0
0.5005542944752444,0.19214400309093094,1.0,0.0
0.5005542944752444,0.19550900158088524,1.0,0.0
0.5005542944752444,0.19887400007083958,1.0,0.0
0.5005542944752444,0.20223899856079391,1.0,0.0
0.5005542944752444,0.20560399705074822,1.0,0.0
0.5005542944752444,0.20896899554070256,1.0,0.0
0.5005542944752444,0.2123339940306569,1.0,0.0
0.5005542944752444,0.2156989925206112,1.0,0.0
0.5005542944752444,0.21906399101056553,1.0,0.0
0.5005542944752444,0.22242898950051984,1.0,0.0
0.5005542944752444,0.22579398799047418,1.0,0.0
0.5005542944752444,0.2291589864804285,1.0,0.0
0.5005542944752444,0.23252398497038282,1.0,0.0
0.5005542944752444,0.23588898346033715,1.0,0.0
0.5005542944752444,0.23925398195029146,1.0,0.0
0.5005542944752444,0.2426189804402458,1.0,0.0
0.5005542944752444,0.24598397893020013,1.0,0.0
0.5005542944752444,0.24934897742015444,1.0,0.0
0.5005542944752444,0.2527139759101088,1.0,0.0
0.5005542944752444,0.2560789744000631,1.0,0.0
0.5005542944752444,0.2594439728900174,1.0,0.0
0.5005542944752444,0.2628089713799717,1.0,0.0
0.5005542944752444,0.2661739698699261,1.0,0.0
0.5005542944752444,0.2695389683598804,1.0,0.0
0.5039192929651987,0.06090906198271227,1.0,0.0
0.5039192929651987,0.0642740604726666,1.0,0.0
0.5039192929651987,0.06763905896262092,1.0,0.0
0.5039192929651987,0.07100405745257524,1.0,0.0
0.5039192929651987,0.07436905594252957,1.0,0.0
0.5039192929651987,0.07773405443248389,1.0,0.0
0.5039192929651987,0.08109905292243821,1.0,0.0
0.5039192929651987,0.08446405141239255,1.0,0.0
0.5039192929651987,0.08782904990234687,1.0,0.0
0.5039192929651987,0.09119404839230119,1.0,0.0
0.5039192929651987,0.09455904688225551,1.0,0.0
0.5039192929651987,0.09792404537220983,1.0,0.0
0.5039192929651987,0.10128904386216417,1.0,0.0
0.5039192929651987,0.10465404235211849,1.0,0.0
0.5039192929651987,0.10801904084207281,1.0,0.0
0.5039192929651987,0.11138403933202715,1.0,0.0
0.5039192929651987,0.11474903782198147,1.0,0.0
0.5039192929651987,0.11811403631193579,1.0,0.0
0.5039192929651987,0.12147903480189011,1.0,0.0
0.5039192929651987,0.12484403329184443,1.0,0.0
0.5039192929651987,0.12820903178179877,1.0,0.0
0.5039192929651987,0.13157403027175307,1.0,0.0
0.5039192929651987,0.1349390287617074,1.0,0.0
0.5039192929651987,0.13830402725166174,1.0,0.0
0.5039192929651987,0.14166902574161605,1.0,0.0
0.5039192929651987,0.14503402423157039,1.0,0.0
0.5039192929651987,0.14839902272152472,1.0,0.0
0.5039192929651987,0.15176402121147903,1.0,0.0
0.5039192929651987,0.15512901970143336,1.0,0.0
0.5039192929651987,0.1584940181913877,1.0,0.0
0.5039192929651987,0.161859016681342,1.0,0.0
0.5039192929651987,0.16522401517129634,1.0,0.0
0.5039192929651987,0.16858901366125065,1.0,0.0
0.5039192929651987,0.17195401215120498,1.0,0.0
0.5039192929651987,0.17531901064115932,1.0,0.0
0.5039192929651987,0.17868400913111362,1.0,0.0
0.5039192929651987,0.18204900762106796,1.0,0.0
0.5039192929651987,0.18541400611102227,1.0,0.0
0.5039192929651987,0.1887790046009766,1.0,0.0
0.5039192929651987,0.19214400309093094,1.0,0.0
0.5039192929651987,0.19550900158088524,1.0,0.0
0.5039192929651987,0.19887400007083958,1.0,0.0
0.5039192929651987,0.20223899856079391,1.0,0.0
0.5039192929651987,0.20560399705074822,1.0,0.0
0.5039192929651987,0.20896899554070256,1.0,0.0
0.5039192929651987,0.2123339940306569,1.0,0.0
0.5039192929651987,0.2156989925206112,1.0,0.0
0.5039192929651987,0.21906399101056553,1.0,0.0
0.5039192929651987,0.22242898950051984,1.0,0.0
0.5039192929651987,0.22579398799047418,1.0,0.0
0.5039192929651987,0.2291589864804285,1.0,0.0
0.5039192929651987,0.23252398497038282,1.0,0.0
0.5039192929651987,0.23588898346033715,1.0,0.0
0.5039192929651987,0.23925398195029146,1.0,0.0
0.5039192929651987,0.2426189804402458,1.0,0.0
0.5039192929651987,0.24598397893020013,1.0,0.0
0.5039192929651987,0.24934897742015444,1.0,0.0
0.5039192929651987,0.2527139759101088,1.0,0.0
0.5039192929651987,0.2560789744000631,1.0,0.0
0.5039192929651987,0.2594439728900174,1.0,0.0
0.5039192929651987,0.2628089713799717,1.0,0.0
0.5039192929651987,0.2661739698699261,1.0,0.0
0.5039192929651987,0.2695389683598804,1.0,0.0
0.507284291455153,0.06090906198271227,1.0,0.0
0.507284291455153,0.0642740604726666,1.0,0.0
0.507284291455153,0.06763905896262092,1.0,0.0
0.507284291455153,0.07100405745257524,1.0,0.0
0.507284291455153,0.07436905594252957,1.0,0.0
0.507284291455153,0.07773405443248389,1.0,0.0
0.507284291455153,0.08109905292243821,1.0,0.0
0.507284291455153,0.08446405141239255,1.0,0.0
0.507284291455153,0.08782904990234687,1.0,0.0
0.507284291455153,0.09119404839230119,1.0,0.0
0.507284291455153,0.09455904688225551,1.0,0.0
0.507284291455153,0.09792404537220983,1.0,0.0
0.507284291455153,0.10128904386216417,1.0,0.0
0.507284291455153,0.10465404235211849,1.0,0.0
0.507284291455153,0.10801904084207281,1.0,0.0
0.507284291455153,0.11138403933202715,1.0,0.0
0.507284291455153,0.11474903782198147,1.0,0.0
0.507284291455153,0.11811403631193579,1.0,0.0
0.507284291455153,0.12147903480189011,1.0,0.0
0.507284291455153,0.12484403329184443,1.0,0.0
0.507284291455153,0.12820903178179877,1.0,0.0
0.507284291455153,0.13157403027175307,1.0,0.0
0.507284291455153,0.1349390287617074,1.0,0.0
0.507284291455153,0.13830402725166174,1.0,0.0
0.507284291455153,0.14166902574161605,1.0,0.0
0.507284291455153,0.14503402423157039,1.0,0.0
0.507284291455153,0.14839902272152472,1.0,0.0
0.507284291455153,0.15176402121147903,1.0,0.0
0.507284291455153,0.15512901970143336,1.0,0.0
0.507284291455153,0.1584940181913877,1.0,0.0
0.507284291455153,0.161859016681342,1.0,0.0
0.507284291455153,0.16522401517129634,1.0,0.0
0.507284291455153,0.16858901366125065,1.0,0.0
0.507284291455153,0.17195401215120498,1.0,0.0
0.507284291455153,0.17531901064115932,1.0,0.0
0.507284291455153,0.17868400913111362,1.0,0.0
0.507284291455153,0.18204900762106796,1.0,0.0
0.507284291455153,0.18541400611102227,1.0,0.0
0.507284291455153,0.1887790046009766,1.0,0.0
0.507284291455153,0.19214400309093094,1.0,0.0
0.507284291455153,0.19550900158088524,1.0,0.0
0.507284291455153,0.19887400007083958,1.0,0.0
0.507284291455153,0.20223899856079391,1.0,0.0
0.507284291455153,0.20560399705074822,1.0,0.0
0.507284291455153,0.20896899554070256,1.0,0.0
0.507284291455153,0.2123339940306569,1.0,0.0
0.507284291455153,0.2156989925206112,1.0,0.0
0.507284291455153,0.21906399101056553,1.0,0.0
0.507284291455153,0.22242898950051984,1.0,0.0
0.507284291455153,0.22579398799047418,1.0,0.0
0.507284291455153,0.2291589864804285,1.0,0.0
0.507284291455153,0.23252398497038282,1.0,0.0
0.507284291455153,0.23588898346033715,1.0,0.0
0.507284291455153,0.23925398195029146,1.0,0.0
0.507284291455153,0.2426189804402458,1.0,0.0
0.507284291455153,0.24598397893020013,1.0,0.0
0.507284291455153,0.24934897742015444,1.0,0.0
0.507284291455153,0.2527139759101088,1.0,0.0
0.507284291455153,0.2560789744000631,1.0,0.0
0.507284291455153,0.2594439728900174,1.0,0.0
0.507284291455153,0.2628089713799717,1.0,0.0
0.507284291455153,0.2661739698699261,1.0,0.0
0.507284291455153,0.2695389683598804,1.0,0.0
0.5106492899451074,0.06090906198271227,1.0,0.0
0.5106492899451074,0.0642740604726666,1.0,0.0
0.5106492899451074,0.06763905896262092,1.0,0.0
0.5106492899451074,0.07100405745257524,1.0,0.0
0.5106492899451074,0.07436905594252957,1.0,0.0
0.5106492899451074,0.07773405443248389,1.0,0.0
0.5106492899451074,0.08109905292243821,1.0,0.0
0.5106492899451074,0.08446405141239255,1.0,0.0
0.5106492899451074,0.08782904990234687,1.0,0.0
0.5106492899451074,0.09119404839230119,1.0,0.0
0.5106492899451074,0.09455904688225551,1.0,0.0
0.5106492899451074,0.09792404537220983,1.0,0.0
0.5106492899451074,0.10128904386216417,1.0,0.0
0.5106492899451074,0.10465404235211849,1.0,0.0
0.5106492899451074,0.10801904084207281,1.0,0.0
0.5106492899451074,0.11138403933202715,1.0,0.0
0.5106492899451074,0.11474903782198147,1.0,0.0
0.5106492899451074,0.11811403631193579,1.0,0.0
0.5106492899451074,0.12147903480189011,1.0,0.0
0.5106492899451074,0.12484403329184443,1.0,0.0
0.5106492899451074,0.12820903178179877,1.0,0.0
0.5106492899451074,0.13157403027175307,1.0,0.0
0.5106492899451074,0.1349390287617074,1.0,0.0
0.5106492899451074,0.13830402725166174,1.0,0.0
0.5106492899451074,0.14166902574161605,1.0,0.0
0.5106492899451074,0.14503402423157039,1.0,0.0
0.5106492899451074,0.14839902272152472,1.0,0.0
0.5106492899451074,0.15176402121147903,1.0,0.0
0.5106492899451074,0.15512901970143336,1.0,0.0
0.5106492899451074,0.1584940181913877,1.0,0.0
0.5106492899451074,0.161859016681342,1.0,0.0
0.5106492899451074,0.16522401517129634,1.0,0.0
0.5106492899451074,0.16858901366125065,1.0,0.0
0.5106492899451074,0.17195401215120498,1.0,0.0
0.5106492899451074,0.17531901064115932,1.0,0.0
0.5106492899451074,0.17868400913111362,1.0,0.0
0.5106492899451074,0.18204900762106796,1.0,0.0
0.5106492899451074,0.18541400611102227,1.0,0.0
0.5106492899451074,0.1887790046009766,1.0,0.0
0.5106492899451074,0.19214400309093094,1.0,0.0
0.5106492899451074,0.19550900158088524,1.0,0.0
0.5106492899451074,0.19887400007083958,1.0,0.0
0.5106492899451074,0.20223899856079391,1.0,0.0
0.5106492899451074,0.20560399705074822,1.0,0.0
0.5106492899451074,0.20896899554070256,1.0,0.0
0.5106492899451074,0.2123339940306569,1.0,0.0
0.5106492899451074,0.2156989925206112,1.0,0.0
0.5106492899451074,0.21906399101056553,1.0,0.0
0.5106492899451074,0.22242898950051984,1.0,0.0
0.5106492899451074,0.22579398799047418,1.0,0.0
0.5106492899451074,0.2291589864804285,1.0,0.0
0.5106492899451074,0.23252398497038282,1.0,0.0
0.5106492899451074,0.23588898346033715,1.0,0.0
0.5106492899451074,0.23925398195029146,1.0,0.0
0.5106492899451074,0.2426189804402458,1.0,0.0
0.5106492899451074,0.24598397893020013,1.0,0.0
0.5106492899451074,0.24934897742015444,1.0,0.0
0.5106492899451074,0.2527139759101088,1.0,0.0
0.5106492899451074,0.2560789744000631,1.0,0.0
0.5106492899451074,0.2594439728900174,1.0,0.0
0.5106492899451074,0.2628089713799717,1.0,0.0
0.5106492899451074,0.2661739698699261,1.0,0.0
0.5106492899451074,0.2695389683598804,1.0,0.0
0.5140142884350617,0.06090906198271227,1.0,0.0
0.5140142884350617,0.0642740604726666,1.0,0.0
0.5140142884350617,0.06763905896262092,1.0,0.0
0.5140142884350617,0.07100405745257524,1.0,0.0
0.5140142884350617,0.07436905594252957,1.0,0.0
0.5140142884350617,0.07773405443248389,1.0,0.0
0.5140142884350617,0.08109905292243821,1.0,0.0
0.5140142884350617,0.08446405141239255,1.0,0.0
0.5140142884350617,0.08782904990234687,1.0,0.0
0.5140142884350617,0.09119404839230119,1.0,0.0
0.5140142884350617,0.09455904688225551,1.0,0.0
0.5140142884350617,0.09792404537220983,1.0,0.0
0.5140142884350617,0.10128904386216417,1.0,0.0
0.5140142884350617,0.10465404235211849,1.0,0.0
0.5140142884350617,0.10801904084207281,1.0,0.0
0.5140142884350617,0.11138403933202715,1.0,0.0
0.5140142884350617,0.11474903782198147,1.0,0.0
0.5140142884350617,0.11811403631193579,1.0,0.0
0.5140142884350617,0.12147903480189011,1.0,0.0
0.5140142884350617,0.12484403329184443,1.0,0.0
0.5140142884350617,0.12820903178179877,1.0,0.0
0.5140142884350617,0.13157403027175307,1.0,0.0
0.5140142884350617,0.1349390287617074,1.0,0.0
0.5140142884350617,0.13830402725166174,1.0,0.0
0.5140142884350617,0.14166902574161605,1.0,0.0
0.5140142884350617,0.14503402423157039,1.0,0.0
0.5140142884350617,0.14839902272152472,1.0,0.0
0.5140142884350617,0.15176402121147903,1.0,0.0
0.5140142884350617,0.15512901970143336,1.0,0.0
0.5140142884350617,0.1584940181913877,1.0,0.0
0.5140142884350617,0.161859016681342,1.0,0.0
0.5140142884350617,0.16522401517129634,1.0,0.0
0.5140142884350617,0.16858901366125065,1.0,0.0
0.5140142884350617,0.17195401215120498,1.0,0.0
0.5140142884350617,0.17531901064115932,1.0,0.0
0.5140142884350617,0.17868400913111362,1.0,0.0
0.5140142884350617,0.18204900762106796,1.0,0.0
0.5140142884350617,0.18541400611102227,1.0,0.0
0.5140142884350617,0.1887790046009766,1.0,0.0
0.5140142884350617,0.19214400309093094,1.0,0.0
0.5140142884350617,0.19550900158088524,1.0,0.0
0.5140142884350617,0.19887400007083958,1.0,0.0
0.5140142884350617,0.20223899856079391,1.0,0.0
0.5140142884350617,0.20560399705074822,1.0,0.0
0.5140142884350617,0.20896899554070256,1.0,0.0
0.5140142884350617,0.2123339940306569,1.0,0.0
0.5140142884350617,0.2156989925206112,1.0,0.0
0.5140142884350617,0.21906399101056553,1.0,0.0
0.5140142884350617,0.22242898950051984,1.0,0.0
0.5140142884350617,0.22579398799047418,1.0,0.0
0.5140142884350617,0.2291589864804285,1.0,0.0
0.5140142884350617,0.23252398497038282,1.0,0.0
0.5140142884350617,0.23588898346033715,1.0,0.0
0.5140142884350617,0.23925398195029146,1.0,0.0
0.5140142884350617,0.2426189804402458,1.0,0.0
0.5140142884350617,0.24598397893020013,1.0,0.0
0.5140142884350617,0.24934897742015444,1.0,0.0
0.5140142884350617,0.2527139759101088,1.0,0.0
0.5140142884350617,0.2560789744000631,1.0,0.0
0.5140142884350617,0.2594439728900174,1.0,0.0
0.5140142884350617,0.2628089713799717,1.0,0.0
0.5140142884350617,0.2661739698699261,1.0,0.0
0.5140142884350617,0.2695389683598804,1.0,0.0
0.5140142884350617,0.2729039668498347,1.0,0.0
0.517379286925016,0.06090906198271227,1.0,0.0
0.517379286925016,0.0642740604726666,1.0,0.0
0.517379286925016,0.06763905896262092,1.0,0.0
0.517379286925016,0.07100405745257524,1.0,0.0
0.517379286925016,0.07436905594252957,1.0,0.0
0.517379286925016,0.07773405443248389,1.0,0.0
0.517379286925016,0.08109905292243821,1.0,0.0
0.517379286925016,0.08446405141239255,1.0,0.0
0.517379286925016,0.08782904990234687,1.0,0.0
0.517379286925016,0.09119404839230119,1.0,0.0
0.517379286925016,0.09455904688225551,1.0,0.0
0.517379286925016,0.09792404537220983,1.0,0.0
0.517379286925016,0.10128904386216417,1.0,0.0
0.517379286925016,0.10465404235211849,1.0,0.0
0.517379286925016,0.10801904084207281,1.0,0.0
0.517379286925016,0.11138403933202715,1.0,0.0
0.517379286925016,0.11474903782198147,1.0,0.0
0.517379286925016,0.11811403631193579,1.0,0.0
0.517379286925016,0.12147903480189011,1.0,0.0
0.517379286925016,0.12484403329184443,1.0,0.0
0.517379286925016,0.12820903178179877,1.0,0.0
0.517379286925016,0.13157403027175307,1.0,0.0
0.517379286925016,0.1349390287617074,1.0,0.0
0.517379286925016,0.13830402725166174,1.0,0.0
0.517379286925016,0.14166902574161605,1.0,0.0
0.517379286925016,0.14503402423157039,1.0,0.0
0.517379286925016,0.14839902272152472,1.0,0.0
0.517379286925016,0.15176402121147903,1.0,0.0
0.517379286925016,0.15512901970143336,1.0,0.0
0.517379286925016,0.1584940181913877,1.0,0.0
0.517379286925016,0.161859016681342,1.0,0.0
0.517379286925016,0.16522401517129634,1.0,0.0
0.517379286925016,0.16858901366125065,1.0,0.0
0.517379286925016,0.17195401215120498,1.0,0.0
0.517379286925016,0.17531901064115932,1.0,0.0
0.517379286925016,0.17868400913111362,1.0,0.0
0.517379286925016,0.18204900762106796,1.0,0.0
0.517379286925016,0.18541400611102227,1.0,0.0
0.517379286925016,0.1887790046009766,1.0,0.0
0.517379286925016,0.19214400309093094,1.0,0.0
0.517379286925016,0.19550900158088524,1.0,0.0
0.517379286925016,0.19887400007083958,1.0,0.0
0.517379286925016,0.20223899856079391,1.0,0.0
0.517379286925016,0.20560399705074822,1.0,0.0
0.517379286925016,0.20896899554070256,1.0,0.0
0.517379286925016,0.2123339940306569,1.0,0.0
0.517379286925016,0.2156989925206112,1.0,0.0
0.517379286925016,0.21906399101056553,1.0,0.0
0.517379286925016,0.22242898950051984,1.0,0.0
0.517379286925016,0.22579398799047418,1.0,0.0
0.517379286925016,0.2291589864804285,1.0,0.0
0.517379286925016,0.23252398497038282,1.0,0.0
0.517379286925016,0.23588898346033715,1.0,0.0
0.517379286925016,0.23925398195029146,1.0,0.0
0.517379286925016,0.2426189804402458,1.0,0.0
0.517379286925016,0.24598397893020013,1.0,0.0
0.517379286925016,0.24934897742015444,1.0,0.0
0.517379286925016,0.2527139759101088,1.0,0.0
0.517379286925016,0.2560789744000631,1.0,0.0
0.517379286925016,0.2594439728900174,1.0,0.0
0.517379286925016,0.2628089713799717,1.0,0.0
0.517379286925016,0.2661739698699261,1.0,0.0
0.517379286925016,0.2695389683598804,1.0,0.0
0.517379286925016,0.2729039668498347,1.0,0.0
0.5207442854149703,0.06090906198271227,1.0,0.0
0.5207442854149703,0.0642740604726666,1.0,0.0
0.5207442854149703,0.06763905896262092,1.0,0.0
0.5207442854149703,0.07100405745257524,1.0,0.0
0.5207442854149703,0.07436905594252957,1.0,0.0
0.5207442854149703,0.07773405443248389,1.0,0.0
0.5207442854149703,0.08109905292243821,1.0,0.0
0.5207442854149703,0.08446405141239255,1.0,0.0
0.5207442854149703,0.08782904990234687,1.0,0.0
0.5207442854149703,0.09119404839230119,1.0,0.0
0.5207442854149703,0.09455904688225551,1.0,0.0
0.5207442854149703,0.09792404537220983,1.0,0.0
0.5207442854149703,0.10128904386216417,1.0,0.0
0.5207442854149703,0.10465404235211849,1.0,0.0
0.5207442854149703,0.10801904084207281,1.0,0.0
0.5207442854149703,0.11138403933202715,1.0,0.0
0.5207442854149703,0.11474903782198147,1.0,0.0
0.5207442854149703,0.11811403631193579,1.0,0.0
0.5207442854149703,0.12147903480189011,1.0,0.0
0.5207442854149703,0.12484403329184443,1.0,0.0
0.5207442854149703,0.12820903178179877,1.0,0.0
0.5207442854149703,0.13157403027175307,1.0,0.0
0.5207442854149703,0.1349390287617074,1.0,0.0
0.5207442854149703,0.13830402725166174,1.0,0.0
0.5207442854149703,0.14166902574161605,1.0,0.0
0.5207442854149703,0.14503402423157039,1.0,0.0
0.5207442854149703,0.14839902272152472,1.0,0.0
0.5207442854149703,0.15176402121147903,1.0,0.0
0.5207442854149703,0.15512901970143336,1.0,0.0
0.5207442854149703,0.1584940181913877,1.0,0.0
0.5207442854149703,0.161859016681342,1.0,0.0
0.5207442854149703,0.16522401517129634,1.0,0.0
0.5207442854149703,0.16858901366125065,1.0,0.0
0.5207442854149703,0.17195401215120498,1.0,0.0
0.5207442854149703,0.17531901064115932,1.0,0.0
0.5207442854149703,0.17868400913111362,1.0,0.0
0.5207442854149703,0.18204900762106796,1.0,0.0
0.5207442854149703,0.18541400611102227,1.0,0.0
0.5207442854149703,0.1887790046009766,1.0,0.0
0.5207442854149703,0.19214400309093094,1.0,0.0
0.5207442854149703,0.19550900158088524,1.0,0.0
0.5207442854149703,0.19887400007083958,1.0,0.0
0.5207442854149703,0.20223899856079391,1.0,0.0
0.5207442854149703,0.20560399705074822,1.0,0.0
0.5207442854149703,0.20896899554070256,1.0,0.0
0.5207442854149703,0.2123339940306569,1.0,0.0
0.5207442854149703,0.2156989925206112,1.0,0.0
0.5207442854149703,0.21906399101056553,1.0,0.0
0.5207442854149703,0.22242898950051984,1.0,0.0
0.5207442854149703,0.22579398799047418,1.0,0.0
0.5207442854149703,0.2291589864804285,1.0,0.0
0.5207442854149703,0.23252398497038282,1.0,0.0
0.5207442854149703,0.23588898346033715,1.0,0.0
0.5207442854149703,0.23925398195029146,1.0,0.0
0.5207442854149703,0.2426189804402458,1.0,0.0
0.5207442854149703,0.24598397893020013,1.0,0.0
0.5207442854149703,0.24934897742015444,1.0,0.0
0.5207442854149703,0.2527139759101088,1.0,0.0
0.5207442854149703,0.2560789744000631,1.0,0.0
0.5207442854149703,0.2594439728900174,1.0,0.0
0.5207442854149703,0.2628089713799717,1.0,0.0
0.5207442854149703,0.2661739698699261,1.0,0.0
0.5207442854149703,0.2695389683598804,1.0,0.0
0.5207442854149703,0.2729039668498347,1.0,0.0
0.5241092839049246,0.06090906198271227,1.0,0.0
0.5241092839049246,0.0642740604726666,1.0,0.0
0.5241092839049246,0.06763905896262092,1.0,0.0
0.5241092839049246,0.07100405745257524,1.0,0.0
0.5241092839049246,0.07436905594252957,1.0,0.0
0.5241092839049246,0.07773405443248389,1.0,0.0
0.5241092839049246,0.08109905292243821,1.0,0.0
0.5241092839049246,0.08446405141239255,1.0,0.0
0.5241092839049246,0.08782904990234687,1.0,0.0
0.5241092839049246,0.09119404839230119,1.0,0.0
0.5241092839049246,0.09455904688225551,1.0,0.0
0.5241092839049246,0.09792404537220983,1.0,0.0
0.5241092839049246,0.10128904386216417,1.0,0.0
0.5241092839049246,0.10465404235211849,1.0,0.0
0.5241092839049246,0.10801904084207281,1.0,0.0
0.5241092839049246,0.11138403933202715,1.0,0.0
0.5241092839049246,0.11474903782198147,1.0,0.0
0.5241092839049246,0.11811403631193579,1.0,0.0
0.5241092839049246,0.12147903480189011,1.0,0.0
0.5241092839049246,0.12484403329184443,1.0,0.0
0.5241092839049246,0.12820903178179877,1.0,0.0
0.5241092839049246,0.13157403027175307,1.0,0.0
0.5241092839049246,0.1349390287617074,1.0,0.0
0.5241092839049246,0.13830402725166174,1.0,0.0
0.5241092839049246,0.14166902574161605,1.0,0.0
0.5241092839049246,0.14503402423157039,1.0,0.0
0.5241092839049246,0.14839902272152472,1.0,0.0
0.5241092839049246,0.15176402121147903,1.0,0.0
0.5241092839049246,0.15512901970143336,1.0,0.0
0.5241092839049246,0.1584940181913877,1.0,0.0
0.5241092839049246,0.161859016681342,1.0,0.0
0.5241092839049246,0.16522401517129634,1.0,0.0
0.5241092839049246,0.16858901366125065,1.0,0.0
0.5241092839049246,0.17195401215120498,1.0,0.0
0.5241092839049246,0.17531901064115932,1.0,0.0
0.5241092839049246,0.17868400913111362,1.0,0.0
0.5241092839049246,0.18204900762106796,1.0,0.0
0.5241092839049246,0.18541400611102227,1.0,0.0
0.5241092839049246,0.1887790046009766,1.0,0.0
0.5241092839049246,0.19214400309093094,1.0,0.0
0.5241092839049246,0.19550900158088524,1.0,0.0
0.5241092839049246,0.19887400007083958,1.0,0.0
0.5241092839049246,0.20223899856079391,1.0,0.0
0.5241092839049246,0.20560399705074822,1.0,0.0
0.5241092839049246,0.20896899554070256,1.0,0.0
0.5241092839049246,0.2123339940306569,1.0,0.0
0.5241092839049246,0.2156989925206112,1.0,0.0
0.5241092839049246,0.21906399101056553,1.0,0.0
0.5241092839049246,0.22242898950051984,1.0,0.0
0.5241092839049246,0.22579398799047418,1.0,0.0
0.5241092839049246,0.2291589864804285,1.0,0.0
0.5241092839049246,0.23252398497038282,1.0,0.0
0.5241092839049246,0.23588898346033715,1.0,0.0
0.5241092839049246,0.23925398195029146,1.0,0.0
0.5241092839049246,0.2426189804402458,1.0,0.0
0.5241092839049246,0.24598397893020013,1.0,0.0
0.5241092839049246,0.24934897742015444,1.0,0.0
0.5241092839049246,0.2527139759101088,1.0,0.0
0.5241092839049246,0.2560789744000631,1.0,0.0
0.5241092839049246,0.2594439728900174,1.0,0.0
0.5241092839049246,0.2628089713799717,1.0,0.0
0.5241092839049246,0.2661739698699261,1.0,0.0
0.5241092839049246,0.2695389683598804,1.0,0.0
0.5241092839049246,0.2729039668498347,1.0,0.0
0.5274742823948789,0.06090906198271227,1.0,0.0
0.5274742823948789,0.0642740604726666,1.0,0.0
0.5274742823948789,0.06763905896262092,1.0,0.0
0.5274742823948789,0.07100405745257524,1.0,0.0
0.5274742823948789,0.07436905594252957,1.0,0.0
0.5274742823948789,0.07773405443248389,1.0,0.0
0.5274742823948789,0.08109905292243821,1.0,0.0
0.5274742823948789,0.08446405141239255,1.0,0.0
0.5274742823948789,0.08782904990234687,1.0,0.0
0.5274742823948789,0.09119404839230119,1.0,0.0
0.5274742823948789,0.09455904688225551,1.0,0.0
0.5274742823948789,0.09792404537220983,1.0,0.0
0.5274742823948789,0.10128904386216417,1.0,0.0
0.5274742823948789,0.10465404235211849,1.0,0.0
0.5274742823948789,0.10801904084207281,1.0,0.0
0.5274742823948789,0.11138403933202715,1.0,0.0
0.5274742823948789,0.11474903782198147,1.0,0.0
0.5274742823948789,0.11811403631193579,1.0,0.0
0.5274742823948789,0.12147903480189011,1.0,0.0
0.5274742823948789,0.12484403329184443,1.0,0.0
0.5274742823948789,0.12820903178179877,1.0,0.0
0.5274742823948789,0.13157403027175307,1.0,0.0
0.5274742823948789,0.1349390287617074,1.0,0.0
0.5274742823948789,0.13830402725166174,1.0,0.0
0.5274742823948789,0.14166902574161605,1.0,0.0
0.5274742823948789,0.14503402423157039,1.0,0.0
0.5274742823948789,0.14839902272152472,1.0,0.0
0.5274742823948789,0.15176402121147903,1.0,0.0
0.5274742823948789,0.15512901970143336,1.0,0.0
0.5274742823948789,0.1584940181913877,1.0,0.0
0.5274742823948789,0.161859016681342,1.0,0.0
0.5274742823948789,0.16522401517129634,1.0,0.0
0.5274742823948789,0.16858901366125065,1.0,0.0
0.5274742823948789,0.17195401215120498,1.0,0.0
0.5274742823948789,0.17531901064115932,1.0,0.0
0.5274742823948789,0.17868400913111362,1.0,0.0
0.5274742823948789,0.18204900762106796,1.0,0.0
0.5274742823948789,0.18541400611102227,1.0,0.0
0.5274742823948789,0.1887790046009766,1.0,0.0
0.5274742823948789,0.19214400309093094,1.0,0.0
0.5274742823948789,0.19550900158088524,1.0,0.0
0.5274742823948789,0.19887400007083958,1.0,0.0
0.5274742823948789,0.20223899856079391,1.0,0.0
0.5274742823948789,0.20560399705074822,1.0,0.0
0.5274742823948789,0.20896899554070256,1.0,0.0
0.5274742823948789,0.2123339940306569,1.0,0.0
0.5274742823948789,0.2156989925206112,1.0,0.0
0.5274742823948789,0.21906399101056553,1.0,0.0
0.5274742823948789,0.22242898950051984,1.0,0.0
0.5274742823948789,0.22579398799047418,1.0,0.0
0.5274742823948789,0.2291589864804285,1.0,0.0
0.5274742823948789,0.23252398497038282,1.0,0.0
0.5274742823948789,0.23588898346033715,1.0,0.0
0.5274742823948789,0.23925398195029146,1.0,0.0
0.5274742823948789,0.2426189804402458,1.0,0.0
0.5274742823948789,0.24598397893020013,1.0,0.0
0.5274742823948789,0.24934897742015444,1.0,0.0
0.5274742823948789,0.2527139759101088,1.0,0.0
0.5274742823948789,0.2560789744000631,1.0,0.0
0.5274742823948789,0.2594439728900174,1.0,0.0
0.5274742823948789,0.2628089713799717,1.0,0.0
0.5274742823948789,0.2661739698699261,1.0,0.0
0.5274742823948789,0.2695389683598804,1.0,0.0
0.5274742823948789,0.2729039668498347,1.0,0.0
0.5308392808848333,0.06090906198271227,1.0,0.0
0.5308392808848333,0.0642740604726666,1.0,0.0
0.5308392808848333,0.06763905896262092,1.0,0.0
0.5308392808848333,0.07100405745257524,1.0,0.0
0.5308392808848333,0.07436905594252957,1.0,0.0
0.5308392808848333,0.07773405443248389,1.0,0.0
0.5308392808848333,0.08109905292243821,1.0,0.0
0.5308392808848333,0.08446405141239255,1.0,0.0
0.5308392808848333,0.08782904990234687,1.0,0.0
0.5308392808848333,0.09119404839230119,1.0,0.0
0.5308392808848333,0.09455904688225551,1.0,0.0
0.5308392808848333,0.09792404537220983,1.0,0.0
0.5308392808848333,0.10128904386216417,1.0,0.0
0.5308392808848333,0.10465404235211849,1.0,0.0
0.5308392808848333,0.10801904084207281,1.0,0.0
0.5308392808848333,0.11138403933202715,1.0,0.0
0.5308392808848333,0.11474903782198147,1.0,0.0
0.5308392808848333,0.11811403631193579,1.0,0.0
0.5308392808848333,0.12147903480189011,1.0,0.0
0.5308392808848333,0.12484403329184443,1.0,0.0
0.5308392808848333,0.12820903178179877,1.0,0.0
0.5308392808848333,0.13157403027175307,1.0,0.0
0.5308392808848333,0.1349390287617074,1.0,0.0
0.5308392808848333,0.13830402725166174,1.0,0.0
0.5308392808848333,0.14166902574161605,1.0,0.0
0.5308392808848333,0.14503402423157039,1.0,0.0
0.5308392808848333,0.14839902272152472,1.0,0.0
0.5308392808848333,0.15176402121147903,1.0,0.0
0.5308392808848333,0.15512901970143336,1.0,0.0
0.5308392808848333,0.1584940181913877,1.0,0.0
0.5308392808848333,0.161859016681342,1.0,0.0
0.5308392808848333,0.16522401517129634,1.0,0.0
0.5308392808848333,0.16858901366125065,1.0,0.0
0.5308392808848333,0.17195401215120498,1.0,0.0
0.5308392808848333,0.17531901064115932,1.0,0.0
0.5308392808848333,0.17868400913111362,1.0,0.0
0.5308392808848333,0.18204900762106796,1.0,0.0
0.5308392808848333,0.18541400611102227,1.0,0.0
0.5308392808848333,0.1887790046009766,1.0,0.0
0.5308392808848333,0.19214400309093094,1.0,0.0
0.5308392808848333,0.19550900158088524,1.0,0.0
0.5308392808848333,0.19887400007083958,1.0,0.0
0.5308392808848333,0.20223899856079391,1.0,0.0
0.5308392808848333,0.20560399705074822,1.0,0.0
0.5308392808848333,0.20896899554070256,1.0,0.0
0.5308392808848333,0.2123339940306569,1.0,0.0
0.5308392808848333,0.2156989925206112,1.0,0.0
0.5308392808848333,0.21906399101056553,1.0,0.0
0.5308392808848333,0.22242898950051984,1.0,0.0
0.5308392808848333,0.22579398799047418,1.0,0.0
0.5308392808848333,0.2291589864804285,1.0,0.0
0.5308392808848333,0.23252398497038282,1.0,0.0
0.5308392808848333,0.23588898346033715,1.0,0.0
0.5308392808848333,0.23925398195029146,1.0,0.0
0.5308392808848333,0.2426189804402458,1.0,0.0
0.5308392808848333,0.24598397893020013,1.0,0.0
0.5308392808848333,0.24934897742015444,1.0,0.0
0.5308392808848333,0.2527139759101088,1.0,0.0
0.5308392808848333,0.2560789744000631,1.0,0.0
0.5308392808848333,0.2594439728900174,1.0,0.0
0.5308392808848333,0.2628089713799717,1.0,0.0
0.5308392808848333,0.2661739698699261,1.0,0.0
0.5308392808848333,0.2695389683598804,1.0,0.0
0.5308392808848333,0.2729039668498347,1.0,0.0
0.5342042793747876,0.06090906198271227,1.0,0.0
0.5342042793747876,0.0642740604726666,1.0,0.0
0.5342042793747876,0.06763905896262092,1.0,0.0
0.5342042793747876,0.07100405745257524,1.0,0.0
0.5342042793747876,0.07436905594252957,1.0,0.0
0.5342042793747876,0.07773405443248389,1.0,0.0
0.5342042793747876,0.08109905292243821,1.0,0.0
0.5342042793747876,0.08446405141239255,1.0,0.0
0.5342042793747876,0.08782904990234687,1.0,0.0
0.5342042793747876,0.09119404839230119,1.0,0.0
0.5342042793747876,0.09455904688225551,1.0,0.0
0.5342042793747876,0.09792404537220983,1.0,0.0
0.5342042793747876,0.10128904386216417,1.0,0.0
0.5342042793747876,0.10465404235211849,1.0,0.0
0.5342042793747876,0.10801904084207281,1.0,0.0
0.5342042793747876,0.11138403933202715,1.0,0.0
0.5342042793747876,0.11474903782198147,1.0,0.0
0.5342042793747876,0.11811403631193579,1.0,0.0
0.5342042793747876,0.12147903480189011,1.0,0.0
0.5342042793747876,0.12484403329184443,1.0,0.0
0.5342042793747876,0.12820903178179877,1.0,0.0
0.5342042793747876,0.13157403027175307,1.0,0.0
0.5342042793747876,0.1349390287617074,1.0,0.0
0.5342042793747876,0.13830402725166174,1.0,0.0
0.5342042793747876,0.14166902574161605,1.0,0.0
0.5342042793747876,0.14503402423157039,1.0,0.0
0.5342042793747876,0.14839902272152472,1.0,0.0
0.5342042793747876,0.15176402121147903,1.0,0.0
0.5342042793747876,0.15512901970143336,1.0,0.0
0.5342042793747876,0.1584940181913877,1.0,0.0
0.5342042793747876,0.161859016681342,1.0,0.0
0.5342042793747876,0.16522401517129634,1.0,0.0
0.5342042793747876,0.16858901366125065,1.0,0.0
0.5342042793747876,0.17195401215120498,1.0,0.0
0.5342042793747876,0.17531901064115932,1.0,0.0
0.5342042793747876,0.17868400913111362,1.0,0.0
0.5342042793747876,0.18204900762106796,1.0,0.0
0.5342042793747876,0.18541400611102227,1.0,0.0
0.5342042793747876,0.1887790046009766,1.0,0.0
0.5342042793747876,0.19214400309093094,1.0,0.0
0.5342042793747876,0.19550900158088524,1.0,0.0
0.5342042793747876,0.19887400007083958,1.0,0.0
0.5342042793747876,0.20223899856079391,1.0,0.0
0.5342042793747876,0.20560399705074822,1.0,0.0
0.5342042793747876,0.20896899554070256,1.0,0.0
0.5342042793747876,0.2123339940306569,1.0,0.0
0.5342042793747876,0.2156989925206112,1.0,0.0
0.5342042793747876,0.21906399101056553,1.0,0.0
0.5342042793747876,0.22242898950051984,1.0,0.0
0.5342042793747876,0.22579398799047418,1.0,0.0
0.5342042793747876,0.2291589864804285,1.0,0.0
0.5342042793747876,0.23252398497038282,1.0,0.0
0.5342042793747876,0.23588898346033715,1.0,0.0
0.5342042793747876,0.23925398195029146,1.0,0.0
0.5342042793747876,0.2426189804402458,1.0,0.0
0.5342042793747876,0.24598397893020013,1.0,0.0
0.5342042793747876,0.24934897742015444,1.0,0.0
0.5342042793747876,0.2527139759101088,1.0,0.0
0.5342042793747876,0.2560789744000631,1.0,0.0
0.5342042793747876,0.2594439728900174,1.0,0.0
0.5342042793747876,0.2628089713799717,1.0,0.0
0.5342042793747876,0.2661739698699261,1.0,0.0
0.5342042793747876,0.2695389683598804,1.0,0.0
0.5342042793747876,0.2729039668498347,1.0,0.0
0.537569277864742,0.06090906198271227,1.0,0.0
0.537569277864742,0.0642740604726666,1.0,0.0
0.537569277864742,0.06763905896262092,1.0,0.0
0.537569277864742,0.07100405745257524,1.0,0.0
0.537569277864742,0.07436905594252957,1.0,0.0
0.537569277864742,0.07773405443248389,1.0,0.0
0.537569277864742,0.08109905292243821,1.0,0.0
0.537569277864742,0.08446405141239255,1.0,0.0
0.537569277864742,0.08782904990234687,1.0,0.0
0.537569277864742,0.09119404839230119,1.0,0.0
0.537569277864742,0.09455904688225551,1.0,0.0
0.537569277864742,0.09792404537220983,1.0,0.0
0.537569277864742,0.10128904386216417,1.0,0.0
0.537569277864742,0.10465404235211849,1.0,0.0
0.537569277864742,0.10801904084207281,1.0,0.0
0.537569277864742,0.11138403933202715,1.0,0.0
0.537569277864742,0.11474903782198147,1.0,0.0
0.537569277864742,0.11811403631193579,1.0,0.0
0.537569277864742,0.12147903480189011,1.0,0.0
0.537569277864742,0.12484403329184443,1.0,0.0
0.537569277864742,0.12820903178179877,1.0,0.0
0.537569277864742,0.13157403027175307,1.0,0.0
0.537569277864742,0.1349390287617074,1.0,0.0
0.537569277864742,0.13830402725166174,1.0,0.0
0.537569277864742,0.14166902574161605,1.0,0.0
0.537569277864742,0.14503402423157039,1.0,0.0
0.537569277864742,0.14839902272152472,1.0,0.0
0.537569277864742,0.15176402121147903,1.0,0.0
0.537569277864742,0.15512901970143336,1.0,0.0
0.537569277864742,0.1584940181913877,1.0,0.0
0.537569277864742,0.161859016681342,1.0,0.0
0.537569277864742,0.16522401517129634,1.0,0.0
0.537569277864742,0.16858901366125065,1.0,0.0
0.537569277864742,0.17195401215120498,1.0,0.0
0.537569277864742,0.17531901064115932,1.0,0.0
0.537569277864742,0.17868400913111362,1.0,0.0
0.537569277864742,0.18204900762106796,1.0,0.0
0.537569277864742,0.18541400611102227,1.0,0.0
0.537569277864742,0.1887790046009766,1.0,0.0
0.537569277864742,0.19214400309093094,1.0,0.0
0.537569277864742,0.19550900158088524,1.0,0.0
0.537569277864742,0.19887400007083958,1.0,0.0
0.537569277864742,0.20223899856079391,1.0,0.0
0.537569277864742,0.20560399705074822,1.0,0.0
0.537569277864742,0.20896899554070256,1.0,0.0
0.537569277864742,0.2123339940306569,1.0,0.0
0.537569277864742,0.2156989925206112,1.0,0.0
0.537569277864742,0.21906399101056553,1.0,0.0
0.537569277864742,0.22242898950051984,1.0,0.0
0.537569277864742,0.22579398799047418,1.0,0.0
0.537569277864742,0.2291589864804285,1.0,0.0
0.537569277864742,0.23252398497038282,1.0,0.0
0.537569277864742,0.23588898346033715,1.0,0.0
0.537569277864742,0.23925398195029146,1.0,0.0
0.537569277864742,0.2426189804402458,1.0,0.0
0.537569277864742,0.24598397893020013,1.0,0.0
0.537569277864742,0.24934897742015444,1.0,0.0
0.537569277864742,0.2527139759101088,1.0,0.0
0.537569277864742,0.2560789744000631,1.0,0.0
0.537569277864742,0.2594439728900174,1.0,0.0
0.537569277864742,0.2628089713799717,1.0,0.0
0.537569277864742,0.2661739698699261,1.0,0.0
0.537569277864742,0.2695389683598804,1.0,0.0
0.537569277864742,0.2729039668498347,1.0,0.0
0.5409342763546963,0.06090906198271227,1.0,0.0
0.5409342763546963,0.0642740604726666,1.0,0.0
0.5409342763546963,0.06763905896262092,1.0,0.0
0.5409342763546963,0.07100405745257524,1.0,0.0
0.5409342763546963,0.07436905594252957,1.0,0.0
0.5409342763546963,0.07773405443248389,1.0,0.0
0.5409342763546963,0.08109905292243821,1.0,0.0
0.5409342763546963,0.08446405141239255,1.0,0.0
0.5409342763546963,0.08782904990234687,1.0,0.0
0.5409342763546963,0.09119404839230119,1.0,0.0
0.5409342763546963,0.09455904688225551,1.0,0.0
0.5409342763546963,0.09792404537220983,1.0,0.0
0.5409342763546963,0.10128904386216417,1.0,0.0
0.5409342763546963,0.10465404235211849,1.0,0.0
0.5409342763546963,0.10801904084207281,1.0,0.0
0.5409342763546963,0.11138403933202715,1.0,0.0
0.5409342763546963,0.11474903782198147,1.0,0.0
0.5409342763546963,0.11811403631193579,1.0,0.0
0.5409342763546963,0.12147903480189011,1.0,0.0
0.5409342763546963,0.12484403329184443,1.0,0.0
0.5409342763546963,0.12820903178179877,1.0,0.0
0.5409342763546963,0.13157403027175307,1.0,0.0
0.5409342763546963,0.1349390287617074,1.0,0.0
0.5409342763546963,0.13830402725166174,1.0,0.0
0.5409342763546963,0.14166902574161605,1.0,0.0
0.5409342763546963,0.14503402423157039,1.0,0.0
0.5409342763546963,0.14839902272152472,1.0,0.0
0.5409342763546963,0.15176402121147903,1.0,0.0
0.5409342763546963,0.15512901970143336,1.0,0.0
0.5409342763546963,0.1584940181913877,1.0,0.0
0.5409342763546963,0.161859016681342,1.0,0.0
0.5409342763546963,0.16522401517129634,1.0,0.0
0.5409342763546963,0.16858901366125065,1.0,0.0
0.5409342763546963,0.17195401215120498,1.0,0.0
0.5409342763546963,0.17531901064115932,1.0,0.0
0.5409342763546963,0.17868400913111362,1.0,0.0
0.5409342763546963,0.18204900762106796,1.0,0.0
0.5409342763546963,0.18541400611102227,1.0,0.0
0.5409342763546963,0.1887790046009766,1.0,0.0
0.5409342763546963,0.19214400309093094,1.0,0.0
0.5409342763546963,0.19550900158088524,1.0,0.0
0.5409342763546963,0.19887400007083958,1.0,0.0
0.5409342763546963,0.20223899856079391,1.0,0.0
0.5409342763546963,0.20560399705074822,1.0,0.0
0.5409342763546963,0.20896899554070256,1.0,0.0
0.5409342763546963,0.2123339940306569,1.0,0.0
0.5409342763546963,0.2156989925206112,1.0,0.0
0.5409342763546963,0.21906399101056553,1.0,0.0
0.5409342763546963,0.22242898950051984,1.0,0.0
0.5409342763546963,0.22579398799047418,1.0,0.0
0.5409342763546963,0.2291589864804285,1.0,0.0
0.5409342763546963,0.23252398497038282,1.0,0.0
0.5409342763546963,0.23588898346033715,1.0,0.0
0.5409342763546963,0.23925398195029146,1.0,0.0
0.5409342763546963,0.2426189804402458,1.0,0.0
0.5409342763546963,0.24598397893020013,1.0,0.0
0.5409342763546963,0.24934897742015444,1.0,0.0
0.5409342763546963,0.2527139759101088,1.0,0.0
0.5409342763546963,0.2560789744000631,1.0,0.0
0.5409342763546963,0.2594439728900174,1.0,0.0
0.5409342763546963,0.2628089713799717,1.0,0.0
0.5409342763546963,0.2661739698699261,1.0,0.0
0.5409342763546963,0.2695389683598804,1.0,0.0
0.5442992748446506,0.06090906198271227,1.0,0.0
0.5442992748446506,0.0642740604726666,1.0,0.0
0.5442992748446506,0.06763905896262092,1.0,0.0
0.5442992748446506,0.07100405745257524,1.0,0.0
0.5442992748446506,0.07436905594252957,1.0,0.0
0.5442992748446506,0.07773405443248389,1.0,0.0
0.5442992748446506,0.08109905292243821,1.0,0.0
0.5442992748446506,0.08446405141239255,1.0,0.0
0.5442992748446506,0.08782904990234687,1.0,0.0
0.5442992748446506,0.09119404839230119,1.0,0.0
0.5442992748446506,0.09455904688225551,1.0,0.0
0.5442992748446506,0.09792404537220983,1.0,0.0
0.5442992748446506,0.10128904386216417,1.0,0.0
0.5442992748446506,0.10465404235211849,1.0,0.0
0.5442992748446506,0.10801904084207281,1.0,0.0
0.5442992748446506,0.11138403933202715,1.0,0.0
0.5442992748446506,0.11474903782198147,1.0,0.0
0.5442992748446506,0.11811403631193579,1.0,0.0
0.5442992748446506,0.12147903480189011,1.0,0.0
0.5442992748446506,0.12484403329184443,1.0,0.0
0.5442992748446506,0.12820903178179877,1.0,0.0
0.5442992748446506,0.13157403027175307,1.0,0.0
0.5442992748446506,0.1349390287617074,1.0,0.0
0.5442992748446506,0.13830402725166174,1.0,0.0
0.5442992748446506,0.14166902574161605,1.0,0.0
0.5442992748446506,0.14503402423157039,1.0,0.0
0.5442992748446506,0.14839902272152472,1.0,0.0
0.5442992748446506,0.15176402121147903,1.0,0.0
0.5442992748446506,0.15512901970143336,1.0,0.0
0.5442992748446506,0.1584940181913877,1.0,0.0
0.5442992748446506,0.161859016681342,1.0,0.0
0.5442992748446506,0.16522401517129634,1.0,0.0
0.5442992748446506,0.16858901366125065,1.0,0.0
0.5442992748446506,0.17195401215120498,1.0,0.0
0.5442992748446506,0.17531901064115932,1.0,0.0
0.5442992748446506,0.17868400913111362,1.0,0.0
0.5442992748446506,0.18204900762106796,1.0,0.0
0.5442992748446506,0.18541400611102227,1.0,0.0
0.5442992748446506,0.1887790046009766,1.0,0.0
0.5442992748446506,0.19214400309093094,1.0,0.0
0.5442992748446506,0.19550900158088524,1.0,0.0
0.5442992748446506,0.19887400007083958,1.0,0.0
0.5442992748446506,0.20223899856079391,1.0,0.0
0.5442992748446506,0.20560399705074822,1.0,0.0
0.5442992748446506,0.20896899554070256,1.0,0.0
0.5442992748446506,0.2123339940306569,1.0,0.0
0.5442992748446506,0.2156989925206112,1.0,0.0
0.5442992748446506,0.21906399101056553,1.0,0.0
0.5442992748446506,0.22242898950051984,1.0,0.0
0.5442992748446506,0.22579398799047418,1.0,0.0
0.5442992748446506,0.2291589864804285,1.0,0.0
0.5442992748446506,0.23252398497038282,1.0,0.0
0.5442992748446506,0.23588898346033715,1.0,0.0
0.5442992748446506,0.23925398195029146,1.0,0.0
0.5442992748446506,0.2426189804402458,1.0,0.0
0.5442992748446506,0.24598397893020013,1.0,0.0
0.5442992748446506,0.24934897742015444,1.0,0.0
0.5442992748446506,0.2527139759101088,1.0,0.0
0.5442992748446506,0.2560789744000631,1.0,0.0
0.5442992748446506,0.2594439728900174,1.0,0.0
0.5442992748446506,0.2628089713799717,1.0,0.0
0.5442992748446506,0.2661739698699261,1.0,0.0
0.5442992748446506,0.2695389683598804,1.0,0.0
0.547664273334605,0.06090906198271227,1.0,0.0
0.547664273334605,0.0642740604726666,1.0,0.0
0.547664273334605,0.06763905896262092,1.0,0.0
0.547664273334605,0.07100405745257524,1.0,0.0
0.547664273334605,0.07436905594252957,1.0,0.0
0.547664273334605,0.07773405443248389,1.0,0.0
0.547664273334605,0.08109905292243821,1.0,0.0
0.547664273334605,0.08446405141239255,1.0,0.0
0.547664273334605,0.08782904990234687,1.0,0.0
0.547664273334605,0.09119404839230119,1.0,0.0
0.547664273334605,0.09455904688225551,1.0,0.0
0.547664273334605,0.09792404537220983,1.0,0.0
0.547664273334605,0.10128904386216417,1.0,0.0
0.547664273334605,0.10465404235211849,1.0,0.0
0.547664273334605,0.10801904084207281,1.0,0.0
0.547664273334605,0.11138403933202715,1.0,0.0
0.547664273334605,0.11474903782198147,1.0,0.0
0.547664273334605,0.11811403631193579,1.0,0.0
0.547664273334605,0.12147903480189011,1.0,0.0
0.547664273334605,0.12484403329184443,1.0,0.0
0.547664273334605,0.12820903178179877,1.0,0.0
0.547664273334605,0.13157403027175307,1.0,0.0
0.547664273334605,0.1349390287617074,1.0,0.0
0.547664273334605,0.13830402725166174,1.0,0.0
0.547664273334605,0.14166902574161605,1.0,0.0
0.547664273334605,0.14503402423157039,1.0,0.0
0.547664273334605,0.14839902272152472,1.0,0.0
0.547664273334605,0.15176402121147903,1.0,0.0
0.547664273334605,0.15512901970143336,1.0,0.0
0.547664273334605,0.1584940181913877,1.0,0.0
0.547664273334605,0.161859016681342,1.0,0.0
0.547664273334605,0.16522401517129634,1.0,0.0
0.547664273334605,0.16858901366125065,1.0,0.0
0.547664273334605,0.17195401215120498,1.0,0.0
0.547664273334605,0.17531901064115932,1.0,0.0
0.547664273334605,0.17868400913111362,1.0,0.0
0.547664273334605,0.18204900762106796,1.0,0.0
0.547664273334605,0.18541400611102227,1.0,0.0
0.547664273334605,0.1887790046009766,1.0,0.0
0.547664273334605,0.19214400309093094,1.0,0.0
0.547664273334605,0.19550900158088524,1.0,0.0
0.547664273334605,0.19887400007083958,1.0,0.0
0.547664273334605,0.20223899856079391,1.0,0.0
0.547664273334605,0.20560399705074822,1.0,0.0
0.547664273334605,0.20896899554070256,1.0,0.0
0.547664273334605,0.2123339940306569,1.0,0.0
0.547664273334605,0.2156989925206112,1.0,0.0
0.547664273334605,0.21906399101056553,1.0,0.0
0.547664273334605,0.22242898950051984,1.0,0.0
0.547664273334605,0.22579398799047418,1.0,0.0
0.547664273334605,0.2291589864804285,1.0,0.0
0.547664273334605,0.23252398497038282,1.0,0.0
0.547664273334605,0.23588898346033715,1.0,0.0
0.547664273334605,0.23925398195029146,1.0,0.0
0.547664273334605,0.2426189804402458,1.0,0.0
0.547664273334605,0.24598397893020013,1.0,0.0
0.547664273334605,0.24934897742015444,1.0,0.0
0.547664273334605,0.2527139759101088,1.0,0.0
0.547664273334605,0.2560789744000631,1.0,0.0
0.547664273334605,0.2594439728900174,1.0,0.0
0.547664273334605,0.2628089713799717,1.0,0.0
0.547664273334605,0.2661739698699261,1.0,0.0
0.547664273334605,0.2695389683598804,1.0,0.0
0.5510292718245593,0.06090906198271227,1.0,0.0
0.5510292718245593,0.0642740604726666,1.0,0.0
0.5510292718245593,0.06763905896262092,1.0,0.0
0.5510292718245593,0.07100405745257524,1.0,0.0
0.5510292718245593,0.07436905594252957,1.0,0.0
0.5510292718245593,0.07773405443248389,1.0,0.0
0.5510292718245593,0.08109905292243821,1.0,0.0
0.5510292718245593,0.08446405141239255,1.0,0.0
0.5510292718245593,0.08782904990234687,1.0,0.0
0.5510292718245593,0.09119404839230119,1.0,0.0
0.5510292718245593,0.09455904688225551,1.0,0.0
0.5510292718245593,0.09792404537220983,1.0,0.0
0.5510292718245593,0.10128904386216417,1.0,0.0
0.5510292718245593,0.10465404235211849,1.0,0.0
0.5510292718245593,0.10801904084207281,1.0,0.0
0.5510292718245593,0.11138403933202715,1.0,0.0
0.5510292718245593,0.11474903782198147,1.0,0.0
0.5510292718245593,0.11811403631193579,1.0,0.0
0.5510292718245593,0.12147903480189011,1.0,0.0
0.5510292718245593,0.12484403329184443,1.0,0.0
0.5510292718245593,0.12820903178179877,1.0,0.0
0.5510292718245593,0.13157403027175307,1.0,0.0
0.5510292718245593,0.1349390287617074,1.0,0.0
0.5510292718245593,0.13830402725166174,1.0,0.0
0.5510292718245593,0.14166902574161605,1.0,0.0
0.5510292718245593,0.14503402423157039,1.0,0.0
0.5510292718245593,0.14839902272152472,1.0,0.0
0.5510292718245593,0.15176402121147903,1.0,0.0
0.5510292718245593,0.15512901970143336,1.0,0.0
0.5510292718245593,0.1584940181913877,1.0,0.0
0.5510292718245593,0.161859016681342,1.0,0.0
0.5510292718245593,0.16522401517129634,1.0,0.0
0.5510292718245593,0.16858901366125065,1.0,0.0
0.5510292718245593,0.17195401215120498,1.0,0.0
0.5510292718245593,0.17531901064115932,1.0,0.0
0.5510292718245593,0.17868400913111362,1.0,0.0
0.5510292718245593,0.18204900762106796,1.0,0.0
0.5510292718245593,0.18541400611102227,1.0,0.0
0.5510292718245593,0.1887790046009766,1.0,0.0
0.5510292718245593,0.19214400309093094,1.0,0.0
0.5510292718245593,0.19550900158088524,1.0,0.0
0.5510292718245593,0.19887400007083958,1.0,0.0
0.5510292718245593,0.20223899856079391,1.0,0.0
0.5510292718245593,0.20560399705074822,1.0,0.0
0.5510292718245593,0.20896899554070256,1.0,0.0
0.5510292718245593,0.2123339940306569,1.0,0.0
0.5510292718245593,0.2156989925206112,1.0,0.0
0.5510292718245593,0.21906399101056553,1.0,0.0
0.5510292718245593,0.22242898950051984,1.0,0.0
0.5510292718245593,0.22579398799047418,1.0,0.0
0.5510292718245593,0.2291589864804285,1.0,0.0
0.5510292718245593,0.23252398497038282,1.0,0.0
0.5510292718245593,0.23588898346033715,1.0,0.0
0.5510292718245593,0.23925398195029146,1.0,0.0
0.5510292718245593,0.2426189804402458,1.0,0.0
0.5510292718245593,0.24598397893020013,1.0,0.0
0.5510292718245593,0.24934897742015444,1.0,0.0
0.5510292718245593,0.2527139759101088,1.0,0.0
0.5510292718245593,0.2560789744000631,1.0,0.0
0.5510292718245593,0.2594439728900174,1.0,0.0
0.5510292718245593,0.2628089713799717,1.0,0.0
0.5510292718245593,0.2661739698699261,1.0,0.0
0.5543942703145136,0.06090906198271227,1.0,0.0
0.5543942703145136,0.0642740604726666,1.0,0.0
0.5543942703145136,0.06763905896262092,1.0,0.0
0.5543942703145136,0.07100405745257524,1.0,0.0
0.5543942703145136,0.07436905594252957,1.0,0.0
0.5543942703145136,0.07773405443248389,1.0,0.0
0.5543942703145136,0.08109905292243821,1.0,0.0
0.5543942703145136,0.08446405141239255,1.0,0.0
0.5543942703145136,0.08782904990234687,1.0,0.0
0.5543942703145136,0.09119404839230119,1.0,0.0
0.5543942703145136,0.09455904688225551,1.0,0.0
0.5543942703145136,0.09792404537220983,1.0,0.0
0.5543942703145136,0.10128904386216417,1.0,0.0
0.5543942703145136,0.10465404235211849,1.0,0.0
0.5543942703145136,0.10801904084207281,1.0,0.0
0.5543942703145136,0.11138403933202715,1.0,0.0
0.5543942703145136,0.11474903782198147,1.0,0.0
0.5543942703145136,0.11811403631193579,1.0,0.0
0.5543942703145136,0.12147903480189011,1.0,0.0
0.5543942703145136,0.12484403329184443,1.0,0.0
0.5543942703145136,0.12820903178179877,1.0,0.0
0.5543942703145136,0.13157403027175307,1.0,0.0
0.5543942703145136,0.1349390287617074,1.0,0.0
0.5543942703145136,0.13830402725166174,1.0,0.0
0.5543942703145136,0.14166902574161605,1.0,0.0
0.5543942703145136,0.14503402423157039,1.0,0.0
0.5543942703145136,0.14839902272152472,1.0,0.0
0.5543942703145136,0.15176402121147903,1.0,0.0
0.5543942703145136,0.15512901970143336,1.0,0.0
0.5543942703145136,0.1584940181913877,1.0,0.0
0.5543942703145136,0.161859016681342,1.0,0.0
0.5543942703145136,0.16522401517129634,1.0,0.0
0.5543942703145136,0.16858901366125065,1.0,0.0
0.5543942703145136,0.17195401215120498,1.0,0.0
0.5543942703145136,0.17531901064115932,1.0,0.0
0.5543942703145136,0.17868400913111362,1.0,0.0
0.5543942703145136,0.18204900762106796,1.0,0.0
0.5543942703145136,0.18541400611102227,1.0,0.0
0.5543942703145136,0.1887790046009766,1.0,0.0
0.5543942703145136,0.19214400309093094,1.0,0.0
0.5543942703145136,0.19550900158088524,1.0,0.0
0.5543942703145136,0.19887400007083958,1.0,0.0
0.5543942703145136,0.20223899856079391,1.0,0.0
0.5543942703145136,0.20560399705074822,1.0,0.0
0.5543942703145136,0.20896899554070256,1.0,0.0
0.5543942703145136,0.2123339940306569,1.0,0.0
0.5543942703145136,0.2156989925206112,1.0,0.0
0.5543942703145136,0.21906399101056553,1.0,0.0
0.5543942703145136,0.22242898950051984,1.0,0.0
0.5543942703145136,0.22579398799047418,1.0,0.0
0.5543942703145136,0.2291589864804285,1.0,0.0
0.5543942703145136,0.23252398497038282,1.0,0.0
0.5543942703145136,0.23588898346033715,1.0,0.0
0.5543942703145136,0.23925398195029146,1.0,0.0
0.5543942703145136,0.2426189804402458,1.0,0.0
0.5543942703145136,0.24598397893020013,1.0,0.0
0.5543942703145136,0.24934897742015444,1.0,0.0
0.5543942703145136,0.2527139759101088,1.0,0.0
0.5543942703145136,0.2560789744000631,1.0,0.0
0.5543942703145136,0.2594439728900174,1.0,0.0
0.5543942703145136,0.2628089713799717,1.0,0.0
0.5543942703145136,0.2661739698699261,1.0,0.0
0.5577592688044679,0.06090906198271227,1.0,0.0
0.5577592688044679,0.0642740604726666,1.0,0.0
0.5577592688044679,0.06763905896262092,1.0,0.0
0.5577592688044679,0.07100405745257524,1.0,0.0
0.5577592688044679,0.07436905594252957,1.0,0.0
0.5577592688044679,0.07773405443248389,1.0,0.0
0.5577592688044679,0.08109905292243821,1.0,0.0
0.5577592688044679,0.08446405141239255,1.0,0.0
0.5577592688044679,0.08782904990234687,1.0,0.0
0.5577592688044679,0.09119404839230119,1.0,0.0
0.5577592688044679,0.09455904688225551,1.0,0.0
0.5577592688044679,0.09792404537220983,1.0,0.0
0.5577592688044679,0.10128904386216417,1.0,0.0
0.5577592688044679,0.10465404235211849,1.0,0.0
0.5577592688044679,0.10801904084207281,1.0,0.0
0.5577592688044679,0.11138403933202715,1.0,0.0
0.5577592688044679,0.11474903782198147,1.0,0.0
0.5577592688044679,0.11811403631193579,1.0,0.0
0.5577592688044679,0.12147903480189011,1.0,0.0
0.5577592688044679,0.12484403329184443,1.0,0.0
0.5577592688044679,0.12820903178179877,1.0,0.0
0.5577592688044679,0.13157403027175307,1.0,0.0
0.5577592688044679,0.1349390287617074,1.0,0.0
0.5577592688044679,0.13830402725166174,1.0,0.0
0.5577592688044679,0.14166902574161605,1.0,0.0
0.5577592688044679,0.14503402423157039,1.0,0.0
0.5577592688044679,0.14839902272152472,1.0,0.0
0.5577592688044679,0.15176402121147903,1.0,0.0
0.5577592688044679,0.15512901970143336,1.0,0.0
0.5577592688044679,0.1584940181913877,1.0,0.0
0.5577592688044679,0.161859016681342,1.0,0.0
0.5577592688044679,0.16522401517129634,1.0,0.0
0.5577592688044679,0.16858901366125065,1.0,0.0
0.5577592688044679,0.17195401215120498,1.0,0.0
0.5577592688044679,0.17531901064115932,1.0,0.0
0.5577592688044679,0.17868400913111362,1.0,0.0
0.5577592688044679,0.18204900762106796,1.0,0.0
0.5577592688044679,0.18541400611102227,1.0,0.0
0.5577592688044679,0.1887790046009766,1.0,0.0
0.5577592688044679,0.19214400309093094,1.0,0.0
0.5577592688044679,0.19550900158088524,1.0,0.0
0.5577592688044679,0.19887400007083958,1.0,0.0
0.5577592688044679,0.20223899856079391,1.0,0.0
0.5577592688044679,0.20560399705074822,1.0,0.0
0.5577592688044679,0.20896899554070256,1.0,0.0
0.5577592688044679,0.2123339940306569,1.0,0.0
0.5577592688044679,0.2156989925206112,1.0,0.0
0.5577592688044679,0.21906399101056553,1.0,0.0
0.5577592688044679,0.22242898950051984,1.0,0.0
0.5577592688044679,0.22579398799047418,1.0,0.0
0.5577592688044679,0.2291589864804285,1.0,0.0
0.5577592688044679,0.23252398497038282,1.0,0.0
0.5577592688044679,0.23588898346033715,1.0,0.0
0.5577592688044679,0.23925398195029146,1.0,0.0
0.5577592688044679,0.2426189804402458,1.0,0.0
0.5577592688044679,0.24598397893020013,1.0,0.0
0.5577592688044679,0.24934897742015444,1.0,0.0
0.5577592688044679,0.2527139759101088,1.0,0.0
0.5577592688044679,0.2560789744000631,1.0,0.0
0.5577592688044679,0.2594439728900174,1.0,0.0
0.5577592688044679,0.2628089713799717,1.0,0.0
0.5611242672944222,0.06090906198271227,1.0,0.0
0.5611242672944222,0.0642740604726666,1.0,0.0
0.5611242672944222,0.06763905896262092,1.0,0.0
0.5611242672944222,0.07100405745257524,1.0,0.0
0.5611242672944222,0.07436905594252957,1.0,0.0
0.5611242672944222,0.07773405443248389,1.0,0.0
0.5611242672944222,0.08109905292243821,1.0,0.0
0.5611242672944222,0.08446405141239255,1.0,0.0
0.5611242672944222,0.08782904990234687,1.0,0.0
0.5611242672944222,0.09119404839230119,1.0,0.0
0.5611242672944222,0.09455904688225551,1.0,0.0
0.5611242672944222,0.09792404537220983,1.0,0.0
0.5611242672944222,0.10128904386216417,1.0,0.0
0.5611242672944222,0.10465404235211849,1.0,0.0
0.5611242672944222,0.10801904084207281,1.0,0.0
0.5611242672944222,0.11138403933202715,1.0,0.0
0.5611242672944222,0.11474903782198147,1.0,0.0
0.5611242672944222,0.11811403631193579,1.0,0.0
0.5611242672944222,0.12147903480189011,1.0,0.0
0.5611242672944222,0.12484403329184443,1.0,0.0
0.5611242672944222,0.12820903178179877,1.0,0.0
0.5611242672944222,0.13157403027175307,1.0,0.0
0.5611242672944222,0.1349390287617074,1.0,0.0
0.5611242672944222,0.13830402725166174,1.0,0.0
0.5611242672944222,0.14166902574161605,1.0,0.0
0.5611242672944222,0.14503402423157039,1.0,0.0
0.5611242672944222,0.14839902272152472,1.0,0.0
0.5611242672944222,0.15176402121147903,1.0,0.0
0.5611242672944222,0.15512901970143336,1.0,0.0
0.5611242672944222,0.1584940181913877,1.0,0.0
0.5611242672944222,0.161859016681342,1.0,0.0
0.5611242672944222,0.16522401517129634,1.0,0.0
0.5611242672944222,0.16858901366125065,1.0,0.0
0.5611242672944222,0.17195401215120498,1.0,0.0
0.5611242672944222,0.17531901064115932,1.0,0.0
0.5611242672944222,0.17868400913111362,1.0,0.0
0.5611242672944222,0.18204900762106796,1.0,0.0
0.5611242672944222,0.18541400611102227,1.0,0.0
0.5611242672944222,0.1887790046009766,1.0,0.0
0.5611242672944222,0.19214400309093094,1.0,0.0
0.5611242672944222,0.19550900158088524,1.0,0.0
0.5611242672944222,0.19887400007083958,1.0,0.0
0.5611242672944222,0.20223899856079391,1.0,0.0
0.5611242672944222,0.20560399705074822,1.0,0.0
0.5611242672944222,0.20896899554070256,1.0,0.0
0.5611242672944222,0.2123339940306569,1.0,0.0
0.5611242672944222,0.2156989925206112,1.0,0.0
0.5611242672944222,0.21906399101056553,1.0,0.0
0.5611242672944222,0.22242898950051984,1.0,0.0
0.5611242672944222,0.22579398799047418,1.0,0.0
0.5611242672944222,0.2291589864804285,1.0,0.0
0.5611242672944222,0.23252398497038282,1.0,0.0
0.5611242672944222,0.23588898346033715,1.0,0.0
0.5611242672944222,0.23925398195029146,1.0,0.0
0.5611242672944222,0.2426189804402458,1.0,0.0
0.5611242672944222,0.24598397893020013,1.0,0.0
0.5611242672944222,0.24934897742015444,1.0,0.0
0.5611242672944222,0.2527139759101088,1.0,0.0
0.5611242672944222,0.2560789744000631,1.0,0.0
0.5611242672944222,0.2594439728900174,1.0,0.0
0.5611242672944222,0.2628089713799717,1.0,0.0
0.5644892657843765,0.06090906198271227,1.0,0.0
0.5644892657843765,0.0642740604726666,1.0,0.0
0.5644892657843765,0.06763905896262092,1.0,0.0
0.5644892657843765,0.07100405745257524,1.0,0.0
0.5644892657843765,0.07436905594252957,1.0,0.0
0.5644892657843765,0.07773405443248389,1.0,0.0
0.5644892657843765,0.08109905292243821,1.0,0.0
0.5644892657843765,0.08446405141239255,1.0,0.0
0.5644892657843765,0.08782904990234687,1.0,0.0
0.5644892657843765,0.09119404839230119,1.0,0.0
0.5644892657843765,0.09455904688225551,1.0,0.0
0.5644892657843765,0.09792404537220983,1.0,0.0
0.5644892657843765,0.10128904386216417,1.0,0.0
0.5644892657843765,0.10465404235211849,1.0,0.0
0.5644892657843765,0.10801904084207281,1.0,0.0
0.5644892657843765,0.11138403933202715,1.0,0.0
0.5644892657843765,0.11474903782198147,1.0,0.0
0.5644892657843765,0.11811403631193579,1.0,0.0
0.5644892657843765,0.12147903480189011,1.0,0.0
0.5644892657843765,0.12484403329184443,1.0,0.0
0.5644892657843765,0.12820903178179877,1.0,0.0
0.5644892657843765,0.13157403027175307,1.0,0.0
0.5644892657843765,0.1349390287617074,1.0,0.0
0.5644892657843765,0.13830402725166174,1.0,0.0
0.5644892657843765,0.14166902574161605,1.0,0.0
0.5644892657843765,0.14503402423157039,1.0,0.0
0.5644892657843765,0.14839902272152472,1.0,0.0
0.5644892657843765,0.15176402121147903,1.0,0.0
0.5644892657843765,0.15512901970143336,1.0,0.0
0.5644892657843765,0.1584940181913877,1.0,0.0
0.5644892657843765,0.161859016681342,1.0,0.0
0.5644892657843765,0.16522401517129634,1.0,0.0
0.5644892657843765,0.16858901366125065,1.0,0.0
0.5644892657843765,0.17195401215120498,1.0,0.0
0.5644892657843765,0.17531901064115932,1.0,0.0
0.5644892657843765,0.17868400913111362,1.0,0.0
0.5644892657843765,0.18204900762106796,1.0,0.0
0.5644892657843765,0.18541400611102227,1.0,0.0
0.5644892657843765,0.1887790046009766,1.0,0.0
0.5644892657843765,0.19214400309093094,1.0,0.0
0.5644892657843765,0.19550900158088524,1.0,0.0
0.5644892657843765,0.19887400007083958,1.0,0.0
0.5644892657843765,0.20223899856079391,1.0,0.0
0.5644892657843765,0.20560399705074822,1.0,0.0
0.5644892657843765,0.20896899554070256,1.0,0.0
0.5644892657843765,0.2123339940306569,1.0,0.0
0.5644892657843765,0.2156989925206112,1.0,0.0
0.5644892657843765,0.21906399101056553,1.0,0.0
0.5644892657843765,0.22242898950051984,1.0,0.0
0.5644892657843765,0.22579398799047418,1.0,0.0
0.5644892657843765,0.2291589864804285,1.0,0.0
0.5644892657843765,0.23252398497038282,1.0,0.0
0.5644892657843765,0.23588898346033715,1.0,0.0
0.5644892657843765,0.23925398195029146,1.0,0.0
0.5644892657843765,0.2426189804402458,1.0,0.0
0.5644892657843765,0.24598397893020013,1.0,0.0
0.5644892657843765,0.24934897742015444,1.0,0.0
0.5644892657843765,0.2527139759101088,1.0,0.0
0.5644892657843765,0.2560789744000631,1.0,0.0
0.5644892657843765,0.2594439728900174,1.0,0.0
0.5644892657843765,0.2628089713799717,1.0,0.0
0.5678542642743309,0.06090906198271227,1.0,0.0
0.5678542642743309,0.0642740604726666,1.0,0.0
0.5678542642743309,0.06763905896262092,1.0,0.0
0.5678542642743309,0.07100405745257524,1.0,0.0
0.5678542642743309,0.07436905594252957,1.0,0.0
0.5678542642743309,0.07773405443248389,1.0,0.0
0.5678542642743309,0.08109905292243821,1.0,0.0
0.5678542642743309,0.08446405141239255,1.0,0.0
0.5678542642743309,0.08782904990234687,1.0,0.0
0.5678542642743309,0.09119404839230119,1.0,0.0
0.5678542642743309,0.09455904688225551,1.0,0.0
0.5678542642743309,0.09792404537220983,1.0,0.0
0.5678542642743309,0.10128904386216417,1.0,0.0
0.5678542642743309,0.10465404235211849,1.0,0.0
0.5678542642743309,0.10801904084207281,1.0,0.0
0.5678542642743309,0.11138403933202715,1.0,0.0
0.5678542642743309,0.11474903782198147,1.0,0.0
0.5678542642743309,0.11811403631193579,1.0,0.0
0.5678542642743309,0.12147903480189011,1.0,0.0
0.5678542642743309,0.12484403329184443,1.0,0.0
0.5678542642743309,0.12820903178179877,1.0,0.0
0.5678542642743309,0.13157403027175307,1.0,0.0
0.5678542642743309,0.1349390287617074,1.0,0.0
0.5678542642743309,0.13830402725166174,1.0,0.0
0.5678542642743309,0.14166902574161605,1.0,0.0
0.5678542642743309,0.14503402423157039,1.0,0.0
0.5678542642743309,0.14839902272152472,1.0,0.0
0.5678542642743309,0.15176402121147903,1.0,0.0
0.5678542642743309,0.15512901970143336,1.0,0.0
0.5678542642743309,0.1584940181913877,1.0,0.0
0.5678542642743309,0.161859016681342,1.0,0.0
0.5678542642743309,0.16522401517129634,1.0,0.0
0.5678542642743309,0.16858901366125065,1.0,0.0
0.5678542642743309,0.17195401215120498,1.0,0.0
0.5678542642743309,0.17531901064115932,1.0,0.0
0.5678542642743309,0.17868400913111362,1.0,0.0
0.5678542642743309,0.18204900762106796,1.0,0.0
0.5678542642743309,0.18541400611102227,1.0,0.0
0.5678542642743309,0.1887790046009766,1.0,0.0
0.5678542642743309,0.19214400309093094,1.0,0.0
0.5678542642743309,0.19550900158088524,1.0,0.0
0.5678542642743309,0.19887400007083958,1.0,0.0
0.5678542642743309,0.20223899856079391,1.0,0.0
0.5678542642743309,0.20560399705074822,1.0,0.0
0.5678542642743309,0.20896899554070256,1.0,0.0
0.5678542642743309,0.2123339940306569,1.0,0.0
0.5678542642743309,0.2156989925206112,1.0,0.0
0.5678542642743309,0.21906399101056553,1.0,0.0
0.5678542642743309,0.22242898950051984,1.0,0.0
0.5678542642743309,0.22579398799047418,1.0,0.0
0.5678542642743309,0.2291589864804285,1.0,0.0
0.5678542642743309,0.23252398497038282,1.0,0.0
0.5678542642743309,0.23588898346033715,1.0,0.0
0.5678542642743309,0.23925398195029146,1.0,0.0
0.5678542642743309,0.2426189804402458,1.0,0.0
0.5678542642743309,0.24598397893020013,1.0,0.0
0.5678542642743309,0.24934897742015444,1.0,0.0
0.5678542642743309,0.2527139759101088,1.0,0.0
0.5678542642743309,0.2560789744000631,1.0,0.0
0.5678542642743309,0.2594439728900174,1.0,0.0
0.5712192627642853,0.06090906198271227,1.0,0.0
0.5712192627642853,0.0642740604726666,1.0,0.0
0.5712192627642853,0.06763905896262092,1.0,0.0
0.5712192627642853,0.07100405745257524,1.0,0.0
0.5712192627642853,0.07436905594252957,1.0,0.0
0.5712192627642853,0.07773405443248389,1.0,0.0
0.5712192627642853,0.08109905292243821,1.0,0.0
0.5712192627642853,0.08446405141239255,1.0,0.0
0.5712192627642853,0.08782904990234687,1.0,0.0
0.5712192627642853,0.09119404839230119,1.0,0.0
0.5712192627642853,0.09455904688225551,1.0,0.0
0.5712192627642853,0.09792404537220983,1.0,0.0
0.5712192627642853,0.10128904386216417,1.0,0.0
0.5712192627642853,0.10465404235211849,1.0,0.0
0.5712192627642853,0.10801904084207281,1.0,0.0
0.5712192627642853,0.11138403933202715,1.0,0.0
0.5712192627642853,0.11474903782198147,1.0,0.0
0.5712192627642853,0.11811403631193579,1.0,0.0
0.5712192627642853,0.12147903480189011,1.0,0.0
0.5712192627642853,0.12484403329184443,1.0,0.0
0.5712192627642853,0.12820903178179877,1.0,0.0
0.5712192627642853,0.13157403027175307,1.0,0.0
0.5712192627642853,0.1349390287617074,1.0,0.0
0.5712192627642853,0.13830402725166174,1.0,0.0
0.5712192627642853,0.14166902574161605,1.0,0.0
0.5712192627642853,0.14503402423157039,1.0,0.0
0.5712192627642853,0.14839902272152472,1.0,0.0
0.5712192627642853,0.15176402121147903,1.0,0.0
0.5712192627642853,0.15512901970143336,1.0,0.0
0.5712192627642853,0.1584940181913877,1.0,0.0
0.5712192627642853,0.161859016681342,1.0,0.0
0.5712192627642853,0.16522401517129634,1.0,0.0
0.5712192627642853,0.16858901366125065,1.0,0.0
0.5712192627642853,0.17195401215120498,1.0,0.0
0.5712192627642853,0.17531901064115932,1.0,0.0
0.5712192627642853,0.17868400913111362,1.0,0.0
0.5712192627642853,0.18204900762106796,1.0,0.0
0.5712192627642853,0.18541400611102227,1.0,0.0
0.5712192627642853,0.1887790046009766,1.0,0.0
0.5712192627642853,0.19214400309093094,1.0,0.0
0.5712192627642853,0.19550900158088524,1.0,0.0
0.5712192627642853,0.19887400007083958,1.0,0.0
0.5712192627642853,0.20223899856079391,1.0,0.0
0.5712192627642853,0.20560399705074822,1.0,0.0
0.5712192627642853,0.20896899554070256,1.0,0.0
0.5712192627642853,0.2123339940306569,1.0,0.0
0.5712192627642853,0.2156989925206112,1.0,0.0
0.5712192627642853,0.21906399101056553,1.0,0.0
0.5712192627642853,0.22242898950051984,1.0,0.0
0.5712192627642853,0.22579398799047418,1.0,0.0
0.5712192627642853,0.2291589864804285,1.0,0.0
0.5712192627642853,0.23252398497038282,1.0,0.0
0.5712192627642853,0.23588898346033715,1.0,0.0
0.5712192627642853,0.23925398195029146,1.0,0.0
0.5712192627642853,0.2426189804402458,1.0,0.0
0.5712192627642853,0.24598397893020013,1.0,0.0
0.5712192627642853,0.24934897742015444,1.0,0.0
0.5712192627642853,0.2527139759101088,1.0,0.0
0.5712192627642853,0.2560789744000631,1.0,0.0
0.5712192627642853,0.2594439728900174,1.0,0.0
0.5745842612542396,0.057544063492757945,1.0,0.0
0.5745842612542396,0.06090906198271227,1.0,0.0
0.5745842612542396,0.0642740604726666,1.0,0.0
0.5745842612542396,0.06763905896262092,1.0,0.0
0.5745842612542396,0.07100405745257524,1.0,0.0
0.5745842612542396,0.07436905594252957,1.0,0.0
0.5745842612542396,0.07773405443248389,1.0,0.0
0.5745842612542396,0.08109905292243821,1.0,0.0
0.5745842612542396,0.08446405141239255,1.0,0.0
0.5745842612542396,0.08782904990234687,1.0,0.0
0.5745842612542396,0.09119404839230119,1.0,0.0
0.5745842612542396,0.09455904688225551,1.0,0.0
0.5745842612542396,0.09792404537220983,1.0,0.0
0.5745842612542396,0.10128904386216417,1.0,0.0
0.5745842612542396,0.10465404235211849,1.0,0.0
0.5745842612542396,0.10801904084207281,1.0,0.0
0.5745842612542396,0.11138403933202715,1.0,0.0
0.5745842612542396,0.11474903782198147,1.0,0.0
0.5745842612542396,0.11811403631193579,1.0,0.0
0.5745842612542396,0.12147903480189011,1.0,0.0
0.5745842612542396,0.12484403329184443,1.0,0.0
0.5745842612542396,0.12820903178179877,1.0,0.0
0.5745842612542396,0.13157403027175307,1.0,0.0
0.5745842612542396,0.1349390287617074,1.0,0.0
0.5745842612542396,0.13830402725166174,1.0,0.0
0.5745842612542396,0.14166902574161605,1.0,0.0
0.5745842612542396,0.14503402423157039,1.0,0.0
0.5745842612542396,0.14839902272152472,1.0,0.0
0.5745842612542396,0.15176402121147903,1.0,0.0
0.5745842612542396,0.15512901970143336,1.0,0.0
0.5745842612542396,0.1584940181913877,1.0,0.0
0.5745842612542396,0.161859016681342,1.0,0.0
0.5745842612542396,0.16522401517129634,1.0,0.0
0.5745842612542396,0.16858901366125065,1.0,0.0
0.5745842612542396,0.17195401215120498,1.0,0.0
0.5745842612542396,0.17531901064115932,1.0,0.0
0.5745842612542396,0.17868400913111362,1.0,0.0
0.5745842612542396,0.18204900762106796,1.0,0.0
0.5745842612542396,0.18541400611102227,1.0,0.0
0.5745842612542396,0.1887790046009766,1.0,0.0
0.5745842612542396,0.19214400309093094,1.0,0.0
0.5745842612542396,0.19550900158088524,1.0,0.0
0.5745842612542396,0.19887400007083958,1.0,0.0
0.5745842612542396,0.20223899856079391,1.0,0.0
0.5745842612542396,0.20560399705074822,1.0,0.0
0.5745842612542396,0.20896899554070256,1.0,0.0
0.5745842612542396,0.2123339940306569,1.0,0.0
0.5745842612542396,0.2156989925206112,1.0,0.0
0.5745842612542396,0.21906399101056553,1.0,0.0
0.5745842612542396,0.22242898950051984,1.0,0.0
0.5745842612542396,0.22579398799047418,1.0,0.0
0.5745842612542396,0.2291589864804285,1.0,0.0
0.5745842612542396,0.23252398497038282,1.0,0.0
0.5745842612542396,0.23588898346033715,1.0,0.0
0.5745842612542396,0.23925398195029146,1.0,0.0
0.5745842612542396,0.2426189804402458,1.0,0.0
0.5745842612542396,0.24598397893020013,1.0,0.0
0.5745842612542396,0.24934897742015444,1.0,0.0
0.5745842612542396,0.2527139759101088,1.0,0.0
0.5745842612542396,0.2560789744000631,1.0,0.0
0.5779492597441939,0.057544063492757945,1.0,0.0
0.5779492597441939,0.06090906198271227,1.0,0.0
0.5779492597441939,0.0642740604726666,1.0,0.0
0.5779492597441939,0.06763905896262092,1.0,0.0
0.5779492597441939,0.07100405745257524,1.0,0.0
0.5779492597441939,0.07436905594252957,1.0,0.0
0.5779492597441939,0.07773405443248389,1.0,0.0
0.5779492597441939,0.08109905292243821,1.0,0.0
0.5779492597441939,0.08446405141239255,1.0,0.0
0.5779492597441939,0.08782904990234687,1.0,0.0
0.5779492597441939,0.09119404839230119,1.0,0.0
0.5779492597441939,0.09455904688225551,1.0,0.0
0.5779492597441939,0.09792404537220983,1.0,0.0
0.5779492597441939,0.10128904386216417,1.0,0.0
0.5779492597441939,0.10465404235211849,1.0,0.0
0.5779492597441939,0.10801904084207281,1.0,0.0
0.5779492597441939,0.11138403933202715,1.0,0.0
0.5779492597441939,0.11474903782198147,1.0,0.0
0.5779492597441939,0.11811403631193579,1.0,0.0
0.5779492597441939,0.12147903480189011,1.0,0.0
0.5779492597441939,0.12484403329184443,1.0,0.0
0.5779492597441939,0.12820903178179877,1.0,0.0
0.5779492597441939,0.13157403027175307,1.0,0.0
0.5779492597441939,0.1349390287617074,1.0,0.0
0.5779492597441939,0.13830402725166174,1.0,0.0
0.5779492597441939,0.14166902574161605,1.0,0.0
0.5779492597441939,0.14503402423157039,1.0,0.0
0.5779492597441939,0.14839902272152472,1.0,0.0
0.5779492597441939,0.15176402121147903,1.0,0.0
0.5779492597441939,0.15512901970143336,1.0,0.0
0.5779492597441939,0.1584940181913877,1.0,0.0
0.5779492597441939,0.161859016681342,1.0,0.0
0.5779492597441939,0.16522401517129634,1.0,0.0
0.5779492597441939,0.16858901366125065,1.0,0.0
0.5779492597441939,0.17195401215120498,1.0,0.0
0.5779492597441939,0.17531901064115932,1.0,0.0
0.5779492597441939,0.17868400913111362,1.0,0.0
0.5779492597441939,0.18204900762106796,1.0,0.0
0.5779492597441939,0.18541400611102227,1.0,0.0
0.5779492597441939,0.1887790046009766,1.0,0.0
0.5779492597441939,0.19214400309093094,1.0,0.0
0.5779492597441939,0.19550900158088524,1.0,0.0
0.5779492597441939,0.19887400007083958,1.0,0.0
0.5779492597441939,0.20223899856079391,1.0,0.0
0.5779492597441939,0.20560399705074822,1.0,0.0
0.5779492597441939,0.20896899554070256,1.0,0.0
0.5779492597441939,0.2123339940306569,1.0,0.0
0.5779492597441939,0.2156989925206112,1.0,0.0
0.5779492597441939,0.21906399101056553,1.0,0.0
0.5779492597441939,0.22242898950051984,1.0,0.0
0.5779492597441939,0.22579398799047418,1.0,0.0
0.5779492597441939,0.2291589864804285,1.0,0.0
0.5779492597441939,0.23252398497038282,1.0,0.0
0.5779492597441939,0.23588898346033715,1.0,0.0
0.5779492597441939,0.23925398195029146,1.0,0.0
0.5779492597441939,0.2426189804402458,1.0,0.0
0.5779492597441939,0.24598397893020013,1.0,0.0
0.5779492597441939,0.24934897742015444,1.0,0.0
0.5779492597441939,0.2527139759101088,1.0,0.0
0.5779492597441939,0.2560789744000631,1.0,0.0
0.5813142582341482,0.057544063492757945,1.0,0.0
0.5813142582341482,0.06090906198271227,1.0,0.0
0.5813142582341482,0.0642740604726666,1.0,0.0
0.5813142582341482,0.06763905896262092,1.0,0.0
0.5813142582341482,0.07100405745257524,1.0,0.0
0.5813142582341482,0.07436905594252957,1.0,0.0
0.5813142582341482,0.07773405443248389,1.0,0.0
0.5813142582341482,0.08109905292243821,1.0,0.0
0.5813142582341482,0.08446405141239255,1.0,0.0
0.5813142582341482,0.08782904990234687,1.0,0.0
0.5813142582341482,0.09119404839230119,1.0,0.0
0.5813142582341482,0.09455904688225551,1.0,0.0
0.5813142582341482,0.09792404537220983,1.0,0.0
0.5813142582341482,0.10128904386216417,1.0,0.0
0.5813142582341482,0.10465404235211849,1.0,0.0
0.5813142582341482,0.10801904084207281,1.0,0.0
0.5813142582341482,0.11138403933202715,1.0,0.0
0.5813142582341482,0.11474903782198147,1.0,0.0
0.5813142582341482,0.11811403631193579,1.0,0.0
0.5813142582341482,0.12147903480189011,1.0,0.0
0.5813142582341482,0.12484403329184443,1.0,0.0
0.5813142582341482,0.12820903178179877,1.0,0.0
0.5813142582341482,0.13157403027175307,1.0,0.0
0.5813142582341482,0.1349390287617074,1.0,0.0
0.5813142582341482,0.13830402725166174,1.0,0.0
0.5813142582341482,0.14166902574161605,1.0,0.0
0.5813142582341482,0.14503402423157039,1.0,0.0
0.5813142582341482,0.14839902272152472,1.0,0.0
0.5813142582341482,0.15176402121147903,1.0,0.0
0.5813142582341482,0.15512901970143336,1.0,0.0
0.5813142582341482,0.1584940181913877,1.0,0.0
0.5813142582341482,0.161859016681342,1.0,0.0
0.5813142582341482,0.16522401517129634,1.0,0.0
0.5813142582341482,0.16858901366125065,1.0,0.0
0.5813142582341482,0.17195401215120498,1.0,0.0
0.5813142582341482,0.17531901064115932,1.0,0.0
0.5813142582341482,0.17868400913111362,1.0,0.0
0.5813142582341482,0.18204900762106796,1.0,0.0
0.5813142582341482,0.18541400611102227,1.0,0.0
0.5813142582341482,0.1887790046009766,1.0,0.0
0.5813142582341482,0.19214400309093094,1.0,0.0
0.5813142582341482,0.19550900158088524,1.0,0.0
0.5813142582341482,0.19887400007083958,1.0,0.0
0.5813142582341482,0.20223899856079391,1.0,0.0
0.5813142582341482,0.20560399705074822,1.0,0.0
0.5813142582341482,0.20896899554070256,1.0,0.0
0.5813142582341482,0.2123339940306569,1.0,0.0
0.5813142582341482,0.2156989925206112,1.0,0.0
0.5813142582341482,0.21906399101056553,1.0,0.0
0.5813142582341482,0.22242898950051984,1.0,0.0
0.5813142582341482,0.22579398799047418,1.0,0.0
0.5813142582341482,0.2291589864804285,1.0,0.0
0.5813142582341482,0.23252398497038282,1.0,0.0
0.5813142582341482,0.23588898346033715,1.0,0.0
0.5813142582341482,0.23925398195029146,1.0,0.0
0.5813142582341482,0.2426189804402458,1.0,0.0
0.5813142582341482,0.24598397893020013,1.0,0.0
0.5813142582341482,0.24934897742015444,1.0,0.0
0.5813142582341482,0.2527139759101088,1.0,0.0
0.5846792567241026,0.057544063492757945,1.0,0.0
0.5846792567241026,0.06090906198271227,1.0,0.0
0.5846792567241026,0.0642740604726666,1.0,0.0
0.5846792567241026,0.06763905896262092,1.0,0.0
0.5846792567241026,0.07100405745257524,1.0,0.0
0.5846792567241026,0.07436905594252957,1.0,0.0
0.5846792567241026,0.07773405443248389,1.0,0.0
0.5846792567241026,0.08109905292243821,1.0,0.0
0.5846792567241026,0.08446405141239255,1.0,0.0
0.5846792567241026,0.08782904990234687,1.0,0.0
0.5846792567241026,0.09119404839230119,1.0,0.0
0.5846792567241026,0.09455904688225551,1.0,0.0
0.5846792567241026,0.09792404537220983,1.0,0.0
0.5846792567241026,0.10128904386216417,1.0,0.0
0.5846792567241026,0.10465404235211849,1.0,0.0
0.5846792567241026,0.10801904084207281,1.0,0.0
0.5846792567241026,0.11138403933202715,1.0,0.0
0.5846792567241026,0.11474903782198147,1.0,0.0
0.5846792567241026,0.11811403631193579,1.0,0.0
0.5846792567241026,0.12147903480189011,1.0,0.0
0.5846792567241026,0.12484403329184443,1.0,0.0
0.5846792567241026,0.12820903178179877,1.0,0.0
0.5846792567241026,0.13157403027175307,1.0,0.0
0.5846792567241026,0.1349390287617074,1.0,0.0
0.5846792567241026,0.13830402725166174,1.0,0.0
0.5846792567241026,0.14166902574161605,1.0,0.0
0.5846792567241026,0.14503402423157039,1.0,0.0
0.5846792567241026,0.14839902272152472,1.0,0.0
0.5846792567241026,0.15176402121147903,1.0,0.0
0.5846792567241026,0.15512901970143336,1.0,0.0
0.5846792567241026,0.1584940181913877,1.0,0.0
0.5846792567241026,0.161859016681342,1.0,0.0
0.5846792567241026,0.16522401517129634,1.0,0.0
0.5846792567241026,0.16858901366125065,1.0,0.0
0.5846792567241026,0.17195401215120498,1.0,0.0
0.5846792567241026,0.17531901064115932,1.0,0.0
0.5846792567241026,0.17868400913111362,1.0,0.0
0.5846792567241026,0.18204900762106796,1.0,0.0
0.5846792567241026,0.18541400611102227,1.0,0.0
0.5846792567241026,0.1887790046009766,1.0,0.0
0.5846792567241026,0.19214400309093094,1.0,0.0
0.5846792567241026,0.19550900158088524,1.0,0.0
0.5846792567241026,0.19887400007083958,1.0,0.0
0.5846792567241026,0.20223899856079391,1.0,0.0
0.5846792567241026,0.20560399705074822,1.0,0.0
0.5846792567241026,0.20896899554070256,1.0,0.0
0.5846792567241026,0.2123339940306569,1.0,0.0
0.5846792567241026,0.2156989925206112,1.0,0.0
0.5846792567241026,0.21906399101056553,1.0,0.0
0.5846792567241026,0.22242898950051984,1.0,0.0
0.5846792567241026,0.22579398799047418,1.0,0.0
0.5846792567241026,0.2291589864804285,1.0,0.0
0.5846792567241026,0.23252398497038282,1.0,0.0
0.5846792567241026,0.23588898346033715,1.0,0.0
0.5846792567241026,0.23925398195029146,1.0,0.0
0.5846792567241026,0.2426189804402458,1.0,0.0
0.5846792567241026,0.24598397893020013,1.0,0.0
0.5846792567241026,0.24934897742015444,1.0,0.0
0.5846792567241026,0.2527139759101088,1.0,0.0
0.5880442552140569,0.057544063492757945,1.0,0.0
0.5880442552140569,0.06090906198271227,1.0,0.0
0.5880442552140569,0.0642740604726666,1.0,0.0
0.5880442552140569,0.06763905896262092,1.0,0.0
0.5880442552140569,0.07100405745257524,1.0,0.0
0.5880442552140569,0.07436905594252957,1.0,0.0
0.5880442552140569,0.07773405443248389,1.0,0.0
0.5880442552140569,0.08109905292243821,1.0,0.0
0.5880442552140569,0.08446405141239255,1.0,0.0
0.5880442552140569,0.08782904990234687,1.0,0.0
0.5880442552140569,0.09119404839230119,1.0,0.0
0.5880442552140569,0.09455904688225551,1.0,0.0
0.5880442552140569,0.09792404537220983,1.0,0.0
0.5880442552140569,0.10128904386216417,1.0,0.0
0.5880442552140569,0.10465404235211849,1.0,0.0
0.5880442552140569,0.10801904084207281,1.0,0.0
0.5880442552140569,0.11138403933202715,1.0,0.0
0.5880442552140569,0.11474903782198147,1.0,0.0
0.5880442552140569,0.11811403631193579,1.0,0.0
0.5880442552140569,0.12147903480189011,1.0,0.0
0.5880442552140569,0.12484403329184443,1.0,0.0
0.5880442552140569,0.12820903178179877,1.0,0.0
0.5880442552140569,0.13157403027175307,1.0,0.0
0.5880442552140569,0.1349390287617074,1.0,0.0
0.5880442552140569,0.13830402725166174,1.0,0.0
0.5880442552140569,0.14166902574161605,1.0,0.0
0.5880442552140569,0.14503402423157039,1.0,0.0
0.5880442552140569,0.14839902272152472,1.0,0.0
0.5880442552140569,0.15176402121147903,1.0,0.0
0.5880442552140569,0.15512901970143336,1.0,0.0
0.5880442552140569,0.1584940181913877,1.0,0.0
0.5880442552140569,0.161859016681342,1.0,0.0
0.5880442552140569,0.16522401517129634,1.0,0.0
0.5880442552140569,0.16858901366125065,1.0,0.0
0.5880442552140569,0.17195401215120498,1.0,0.0
0.5880442552140569,0.17531901064115932,1.0,0.0
0.5880442552140569,0.17868400913111362,1.0,0.0
0.5880442552140569,0.18204900762106796,1.0,0.0
0.5880442552140569,0.18541400611102227,1.0,0.0
0.5880442552140569,0.1887790046009766,1.0,0.0
0.5880442552140569,0.19214400309093094,1.0,0.0
0.5880442552140569,0.19550900158088524,1.0,0.0
0.5880442552140569,0.19887400007083958,1.0,0.0
0.5880442552140569,0.20223899856079391,1.0,0.0
0.5880442552140569,0.20560399705074822,1.0,0.0
0.5880442552140569,0.20896899554070256,1.0,0.0
0.5880442552140569,0.2123339940306569,1.0,0.0
0.5880442552140569,0.2156989925206112,1.0,0.0
0.5880442552140569,0.21906399101056553,1.0,0.0
0.5880442552140569,0.22242898950051984,1.0,0.0
0.5880442552140569,0.22579398799047418,1.0,0.0
0.5880442552140569,0.2291589864804285,1.0,0.0
0.5880442552140569,0.23252398497038282,1.0,0.0
0.5880442552140569,0.23588898346033715,1.0,0.0
0.5880442552140569,0.23925398195029146,1.0,0.0
0.5880442552140569,0.2426189804402458,1.0,0.0
0.5880442552140569,0.24598397893020013,1.0,0.0
0.5880442552140569,0.24934897742015444,1.0,0.0
0.5880442552140569,0.2527139759101088,1.0,0.0
0.5914092537040112,0.057544063492757945,1.0,0.0
0.5914092537040112,0.06090906198271227,1.0,0.0
0.5914092537040112,0.0642740604726666,1.0,0.0
0.5914092537040112,0.06763905896262092,1.0,0.0
0.5914092537040112,0.07100405745257524,1.0,0.0
0.5914092537040112,0.07436905594252957,1.0,0.0
0.5914092537040112,0.07773405443248389,1.0,0.0
0.5914092537040112,0.08109905292243821,1.0,0.0
0.5914092537040112,0.08446405141239255,1.0,0.0
0.5914092537040112,0.08782904990234687,1.0,0.0
0.5914092537040112,0.09119404839230119,1.0,0.0
0.5914092537040112,0.09455904688225551,1.0,0.0
0.5914092537040112,0.09792404537220983,1.0,0.0
0.5914092537040112,0.10128904386216417,1.0,0.0
0.5914092537040112,0.10465404235211849,1.0,0.0
0.5914092537040112,0.10801904084207281,1.0,0.0
0.5914092537040112,0.11138403933202715,1.0,0.0
0.5914092537040112,0.11474903782198147,1.0,0.0
0.5914092537040112,0.11811403631193579,1.0,0.0
0.5914092537040112,0.12147903480189011,1.0,0.0
0.5914092537040112,0.12484403329184443,1.0,0.0
0.5914092537040112,0.12820903178179877,1.0,0.0
0.5914092537040112,0.13157403027175307,1.0,0.0
0.5914092537040112,0.1349390287617074,1.0,0.0
0.5914092537040112,0.13830402725166174,1.0,0.0
0.5914092537040112,0.14166902574161605,1.0,0.0
0.5914092537040112,0.14503402423157039,1.0,0.0
0.5914092537040112,0.14839902272152472,1.0,0.0
0.5914092537040112,0.15176402121147903,1.0,0.0
0.5914092537040112,0.15512901970143336,1.0,0.0
0.5914092537040112,0.1584940181913877,1.0,0.0
0.5914092537040112,0.161859016681342,1.0,0.0
0.5914092537040112,0.16522401517129634,1.0,0.0
0.5914092537040112,0.16858901366125065,1.0,0.0
0.5914092537040112,0.17195401215120498,1.0,0.0
0.5914092537040112,0.17531901064115932,1.0,0.0
0.5914092537040112,0.17868400913111362,1.0,0.0
0.5914092537040112,0.18204900762106796,1.0,0.0
0.5914092537040112,0.18541400611102227,1.0,0.0
0.5914092537040112,0.1887790046009766,1.0,0.0
0.5914092537040112,0.19214400309093094,1.0,0.0
0.5914092537040112,0.19550900158088524,1.0,0.0
0.5914092537040112,0.19887400007083958,1.0,0.0
0.5914092537040112,0.20223899856079391,1.0,0.0
0.5914092537040112,0.20560399705074822,1.0,0.0
0.5914092537040112,0.20896899554070256,1.0,0.0
0.5914092537040112,0.2123339940306569,1.0,0.0
0.5914092537040112,0.2156989925206112,1.0,0.0
0.5914092537040112,0.21906399101056553,1.0,0.0
0.5914092537040112,0.22242898950051984,1.0,0.0
0.5914092537040112,0.22579398799047418,1.0,0.0
0.5914092537040112,0.2291589864804285,1.0,0.0
0.5914092537040112,0.23252398497038282,1.0,0.0
0.5914092537040112,0.23588898346033715,1.0,0.0
0.5914092537040112,0.23925398195029146,1.0,0.0
0.5914092537040112,0.2426189804402458,1.0,0.0
0.5914092537040112,0.24598397893020013,1.0,0.0
0.5914092537040112,0.24934897742015444,1.0,0.0
0.5947742521939655,0.057544063492757945,1.0,0.0
0.5947742521939655,0.06090906198271227,1.0,0.0
0.5947742521939655,0.0642740604726666,1.0,0.0
0.5947742521939655,0.06763905896262092,1.0,0.0
0.5947742521939655,0.07100405745257524,1.0,0.0
0.5947742521939655,0.07436905594252957,1.0,0.0
0.5947742521939655,0.07773405443248389,1.0,0.0
0.5947742521939655,0.08109905292243821,1.0,0.0
0.5947742521939655,0.08446405141239255,1.0,0.0
0.5947742521939655,0.08782904990234687,1.0,0.0
0.5947742521939655,0.09119404839230119,1.0,0.0
0.5947742521939655,0.09455904688225551,1.0,0.0
0.5947742521939655,0.09792404537220983,1.0,0.0
0.5947742521939655,0.10128904386216417,1.0,0.0
0.5947742521939655,0.10465404235211849,1.0,0.0
0.5947742521939655,0.10801904084207281,1.0,0.0
0.5947742521939655,0.11138403933202715,1.0,0.0
0.5947742521939655,0.11474903782198147,1.0,0.0
0.5947742521939655,0.11811403631193579,1.0,0.0
0.5947742521939655,0.12147903480189011,1.0,0.0
0.5947742521939655,0.12484403329184443,1.0,0.0
0.5947742521939655,0.12820903178179877,1.0,0.0
0.5947742521939655,0.13157403027175307,1.0,0.0
0.5947742521939655,0.1349390287617074,1.0,0.0
0.5947742521939655,0.13830402725166174,1.0,0.0
0.5947742521939655,0.14166902574161605,1.0,0.0
0.5947742521939655,0.14503402423157039,1.0,0.0
0.5947742521939655,0.14839902272152472,1.0,0.0
0.5947742521939655,0.15176402121147903,1.0,0.0
0.5947742521939655,0.15512901970143336,1.0,0.0
0.5947742521939655,0.1584940181913877,1.0,0.0
0.5947742521939655,0.161859016681342,1.0,0.0
0.5947742521939655,0.16522401517129634,1.0,0.0
0.5947742521939655,0.16858901366125065,1.0,0.0
0.5947742521939655,0.17195401215120498,1.0,0.0
0.5947742521939655,0.17531901064115932,1.0,0.0
0.5947742521939655,0.17868400913111362,1.0,0.0
0.5947742521939655,0.18204900762106796,1.0,0.0
0.5947742521939655,0.18541400611102227,1.0,0.0
0.5947742521939655,0.1887790046009766,1.0,0.0
0.5947742521939655,0.19214400309093094,1.0,0.0
0.5947742521939655,0.19550900158088524,1.0,0.0
0.5947742521939655,0.19887400007083958,1.0,0.0
0.5947742521939655,0.20223899856079391,1.0,0.0
0.5947742521939655,0.20560399705074822,1.0,0.0
0.5947742521939655,0.20896899554070256,1.0,0.0
0.5947742521939655,0.2123339940306569,1.0,0.0
0.5947742521939655,0.2156989925206112,1.0,0.0
0.5947742521939655,0.21906399101056553,1.0,0.0
0.5947742521939655,0.22242898950051984,1.0,0.0
0.5947742521939655,0.22579398799047418,1.0,0.0
0.5947742521939655,0.2291589864804285,1.0,0.0
0.5947742521939655,0.23252398497038282,1.0,0.0
0.5947742521939655,0.23588898346033715,1.0,0.0
0.5947742521939655,0.23925398195029146,1.0,0.0
0.5947742521939655,0.2426189804402458,1.0,0.0
0.5947742521939655,0.24598397893020013,1.0,0.0
0.5947742521939655,0.24934897742015444,1.0,0.0
0.5981392506839198,0.057544063492757945,1.0,0.0
0.5981392506839198,0.06090906198271227,1.0,0.0
0.5981392506839198,0.0642740604726666,1.0,0.0
0.5981392506839198,0.06763905896262092,1.0,0.0
0.5981392506839198,0.07100405745257524,1.0,0.0
0.5981392506839198,0.07436905594252957,1.0,0.0
0.5981392506839198,0.07773405443248389,1.0,0.0
0.5981392506839198,0.08109905292243821,1.0,0.0
0.5981392506839198,0.08446405141239255,1.0,0.0
0.5981392506839198,0.08782904990234687,1.0,0.0
0.5981392506839198,0.09119404839230119,1.0,0.0
0.5981392506839198,0.09455904688225551,1.0,0.0
0.5981392506839198,0.09792404537220983,1.0,0.0
0.5981392506839198,0.10128904386216417,1.0,0.0
0.5981392506839198,0.10465404235211849,1.0,0.0
0.5981392506839198,0.10801904084207281,1.0,0.0
0.5981392506839198,0.11138403933202715,1.0,0.0
0.5981392506839198,0.11474903782198147,1.0,0.0
0.5981392506839198,0.11811403631193579,1.0,0.0
0.5981392506839198,0.12147903480189011,1.0,0.0
0.5981392506839198,0.12484403329184443,1.0,0.0
0.5981392506839198,0.12820903178179877,1.0,0.0
0.5981392506839198,0.13157403027175307,1.0,0.0
0.5981392506839198,0.1349390287617074,1.0,0.0
0.5981392506839198,0.13830402725166174,1.0,0.0
0.5981392506839198,0.14166902574161605,1.0,0.0
0.5981392506839198,0.14503402423157039,1.0,0.0
0.5981392506839198,0.14839902272152472,1.0,0.0
0.5981392506839198,0.15176402121147903,1.0,0.0
0.5981392506839198,0.15512901970143336,1.0,0.0
0.5981392506839198,0.1584940181913877,1.0,0.0
0.5981392506839198,0.161859016681342,1.0,0.0
0.5981392506839198,0.16522401517129634,1.0,0.0
0.5981392506839198,0.16858901366125065,1.0,0.0
0.5981392506839198,0.17195401215120498,1.0,0.0
0.5981392506839198,0.17531901064115932,1.0,0.0
0.5981392506839198,0.17868400913111362,1.0,0.0
0.5981392506839198,0.18204900762106796,1.0,0.0
0.5981392506839198,0.18541400611102227,1.0,0.0
0.5981392506839198,0.1887790046009766,1.0,0.0
0.5981392506839198,0.19214400309093094,1.0,0.0
0.5981392506839198,0.19550900158088524,1.0,0.0
0.5981392506839198,0.19887400007083958,1.0,0.0
0.5981392506839198,0.20223899856079391,1.0,0.0
0.5981392506839198,0.20560399705074822,1.0,0.0
0.5981392506839198,0.20896899554070256,1.0,0.0
0.5981392506839198,0.2123339940306569,1.0,0.0
0.5981392506839198,0.2156989925206112,1.0,0.0
0.5981392506839198,0.21906399101056553,1.0,0.0
0.5981392506839198,0.22242898950051984,1.0,0.0
0.5981392506839198,0.22579398799047418,1.0,0.0
0.5981392506839198,0.2291589864804285,1.0,0.0
0.5981392506839198,0.23252398497038282,1.0,0.0
0.5981392506839198,0.23588898346033715,1.0,0.0
0.5981392506839198,0.23925398195029146,1.0,0.0
0.5981392506839198,0.2426189804402458,1.0,0.0
0.5981392506839198,0.24598397893020013,1.0,0.0
0.5981392506839198,0.24934897742015444,1.0,0.0
0.6015042491738742,0.057544063492757945,1.0,0.0
0.6015042491738742,0.06090906198271227,1.0,0.0
0.6015042491738742,0.0642740604726666,1.0,0.0
0.6015042491738742,0.06763905896262092,1.0,0.0
0.6015042491738742,0.07100405745257524,1.0,0.0
0.6015042491738742,0.07436905594252957,1.0,0.0
0.6015042491738742,0.07773405443248389,1.0,0.0
0.6015042491738742,0.08109905292243821,1.0,0.0
0.6015042491738742,0.08446405141239255,1.0,0.0
0.6015042491738742,0.08782904990234687,1.0,0.0
0.6015042491738742,0.09119404839230119,1.0,0.0
0.6015042491738742,0.09455904688225551,1.0,0.0
0.6015042491738742,0.09792404537220983,1.0,0.0
0.6015042491738742,0.10128904386216417,1.0,0.0
0.6015042491738742,0.10465404235211849,1.0,0.0
0.6015042491738742,0.10801904084207281,1.0,0.0
0.6015042491738742,0.11138403933202715,1.0,0.0
0.6015042491738742,0.11474903782198147,1.0,0.0
0.6015042491738742,0.11811403631193579,1.0,0.0
0.6015042491738742,0.12147903480189011,1.0,0.0
0.6015042491738742,0.12484403329184443,1.0,0.0
0.6015042491738742,0.12820903178179877,1.0,0.0
0.6015042491738742,0.13157403027175307,1.0,0.0
0.6015042491738742,0.1349390287617074,1.0,0.0
0.6015042491738742,0.13830402725166174,1.0,0.0
0.6015042491738742,0.14166902574161605,1.0,0.0
0.6015042491738742,0.14503402423157039,1.0,0.0
0.6015042491738742,0.14839902272152472,1.0,0.0
0.6015042491738742,0.15176402121147903,1.0,0.0
0.6015042491738742,0.15512901970143336,1.0,0.0
0.6015042491738742,0.1584940181913877,1.0,0.0
0.6015042491738742,0.161859016681342,1.0,0.0
0.6015042491738742,0.16522401517129634,1.0,0.0
0.6015042491738742,0.16858901366125065,1.0,0.0
0.6015042491738742,0.17195401215120498,1.0,0.0
0.6015042491738742,0.17531901064115932,1.0,0.0
0.6015042491738742,0.17868400913111362,1.0,0.0
0.6015042491738742,0.18204900762106796,1.0,0.0
0.6015042491738742,0.18541400611102227,1.0,0.0
0.6015042491738742,0.1887790046009766,1.0,0.0
0.6015042491738742,0.19214400309093094,1.0,0.0
0.6015042491738742,0.19550900158088524,1.0,0.0
0.6015042491738742,0.19887400007083958,1.0,0.0
0.6015042491738742,0.20223899856079391,1.0,0.0
0.6015042491738742,0.20560399705074822,1.0,0.0
0.6015042491738742,0.20896899554070256,1.0,0.0
0.6015042491738742,0.2123339940306569,1.0,0.0
0.6015042491738742,0.2156989925206112,1.0,0.0
0.6015042491738742,0.21906399101056553,1.0,0.0
0.6015042491738742,0.22242898950051984,1.0,0.0
0.6015042491738742,0.22579398799047418,1.0,0.0
0.6015042491738742,0.2291589864804285,1.0,0.0
0.6015042491738742,0.23252398497038282,1.0,0.0
0.6015042491738742,0.23588898346033715,1.0,0.0
0.6015042491738742,0.23925398195029146,1.0,0.0
0.6015042491738742,0.2426189804402458,1.0,0.0
0.6015042491738742,0.24598397893020013,1.0,0.0
0.6048692476638285,0.06090906198271227,1.0,0.0
0.6048692476638285,0.0642740604726666,1.0,0.0
0.6048692476638285,0.06763905896262092,1.0,0.0
0.6048692476638285,0.07100405745257524,1.0,0.0
0.6048692476638285,0.07436905594252957,1.0,0.0
0.6048692476638285,0.07773405443248389,1.0,0.0
0.6048692476638285,0.08109905292243821,1.0,0.0
0.6048692476638285,0.08446405141239255,1.0,0.0
0.6048692476638285,0.08782904990234687,1.0,0.0
0.6048692476638285,0.09119404839230119,1.0,0.0
0.6048692476638285,0.09455904688225551,1.0,0.0
0.6048692476638285,0.09792404537220983,1.0,0.0
0.6048692476638285,0.10128904386216417,1.0,0.0
0.6048692476638285,0.10465404235211849,1.0,0.0
0.6048692476638285,0.10801904084207281,1.0,0.0
0.6048692476638285,0.11138403933202715,1.0,0.0
0.6048692476638285,0.11474903782198147,1.0,0.0
0.6048692476638285,0.11811403631193579,1.0,0.0
0.6048692476638285,0.12147903480189011,1.0,0.0
0.6048692476638285,0.12484403329184443,1.0,0.0
0.6048692476638285,0.12820903178179877,1.0,0.0
0.6048692476638285,0.13157403027175307,1.0,0.0
0.6048692476638285,0.1349390287617074,1.0,0.0
0.6048692476638285,0.13830402725166174,1.0,0.0
0.6048692476638285,0.14166902574161605,1.0,0.0
0.6048692476638285,0.14503402423157039,1.0,0.0
0.6048692476638285,0.14839902272152472,1.0,0.0
0.6048692476638285,0.15176402121147903,1.0,0.0
0.6048692476638285,0.15512901970143336,1.0,0.0
0.6048692476638285,0.1584940181913877,1.0,0.0
0.6048692476638285,0.161859016681342,1.0,0.0
0.6048692476638285,0.16522401517129634,1.0,0.0
0.6048692476638285,0.16858901366125065,1.0,0.0
0.6048692476638285,0.17195401215120498,1.0,0.0
0.6048692476638285,0.17531901064115932,1.0,0.0
0.6048692476638285,0.17868400913111362,1.0,0.0
0.6048692476638285,0.18204900762106796,1.0,0.0
0.6048692476638285,0.18541400611102227,1.0,0.0
0.6048692476638285,0.1887790046009766,1.0,0.0
0.6048692476638285,0.19214400309093094,1.0,0.0
0.6048692476638285,0.19550900158088524,1.0,0.0
0.6048692476638285,0.19887400007083958,1.0,0.0
0.6048692476638285,0.20223899856079391,1.0,0.0
0.6048692476638285,0.20560399705074822,1.0,0.0
0.6048692476638285,0.20896899554070256,1.0,0.0
0.6048692476638285,0.2123339940306569,1.0,0.0
0.6048692476638285,0.2156989925206112,1.0,0.0
0.6048692476638285,0.21906399101056553,1.0,0.0
0.6048692476638285,0.22242898950051984,1.0,0.0
0.6048692476638285,0.22579398799047418,1.0,0.0
0.6048692476638285,0.2291589864804285,1.0,0.0
0.6048692476638285,0.23252398497038282,1.0,0.0
0.6048692476638285,0.23588898346033715,1.0,0.0
0.6048692476638285,0.23925398195029146,1.0,0.0
0.6048692476638285,0.2426189804402458,1.0,0.0
0.6048692476638285,0.24598397893020013,1.0,0.0
0.6082342461537829,0.06090906198271227,1.0,0.0
0.6082342461537829,0.0642740604726666,1.0,0.0
0.6082342461537829,0.06763905896262092,1.0,0.0
0.6082342461537829,0.07100405745257524,1.0,0.0
0.6082342461537829,0.07436905594252957,1.0,0.0
0.6082342461537829,0.07773405443248389,1.0,0.0
0.6082342461537829,0.08109905292243821,1.0,0.0
0.6082342461537829,0.08446405141239255,1.0,0.0
0.6082342461537829,0.08782904990234687,1.0,0.0
0.6082342461537829,0.09119404839230119,1.0,0.0
0.6082342461537829,0.09455904688225551,1.0,0.0
0.6082342461537829,0.09792404537220983,1.0,0.0
0.6082342461537829,0.10128904386216417,1.0,0.0
0.6082342461537829,0.10465404235211849,1.0,0.0
0.6082342461537829,0.10801904084207281,1.0,0.0
0.6082342461537829,0.11138403933202715,1.0,0.0
0.6082342461537829,0.11474903782198147,1.0,0.0
0.6082342461537829,0.11811403631193579,1.0,0.0
0.6082342461537829,0.12147903480189011,1.0,0.0
0.6082342461537829,0.12484403329184443,1.0,0.0
0.6082342461537829,0.12820903178179877,1.0,0.0
0.6082342461537829,0.13157403027175307,1.0,0.0
0.6082342461537829,0.1349390287617074,1.0,0.0
0.6082342461537829,0.13830402725166174,1.0,0.0
0.6082342461537829,0.14166902574161605,1.0,0.0
0.6082342461537829,0.14503402423157039,1.0,0.0
0.6082342461537829,0.14839902272152472,1.0,0.0
0.6082342461537829,0.15176402121147903,1.0,0.0
0.6082342461537829,0.15512901970143336,1.0,0.0
0.6082342461537829,0.1584940181913877,1.0,0.0
0.6082342461537829,0.161859016681342,1.0,0.0
0.6082342461537829,0.16522401517129634,1.0,0.0
0.6082342461537829,0.16858901366125065,1.0,0.0
0.6082342461537829,0.17195401215120498,1.0,0.0
0.6082342461537829,0.17531901064115932,1.0,0.0
0.6082342461537829,0.17868400913111362,1.0,0.0
0.6082342461537829,0.18204900762106796,1.0,0.0
0.6082342461537829,0.18541400611102227,1.0,0.0
0.6082342461537829,0.1887790046009766,1.0,0.0
0.6082342461537829,0.19214400309093094,1.0,0.0
0.6082342461537829,0.19550900158088524,1.0,0.0
0.6082342461537829,0.19887400007083958,1.0,0.0
0.6082342461537829,0.20223899856079391,1.0,0.0
0.6082342461537829,0.20560399705074822,1.0,0.0
0.6082342461537829,0.20896899554070256,1.0,0.0
0.6082342461537829,0.2123339940306569,1.0,0.0
0.6082342461537829,0.2156989925206112,1.0,0.0
0.6082342461537829,0.21906399101056553,1.0,0.0
0.6082342461537829,0.22242898950051984,1.0,0.0
0.6082342461537829,0.22579398799047418,1.0,0.0
0.6082342461537829,0.2291589864804285,1.0,0.0
0.6082342461537829,0.23252398497038282,1.0,0.0
0.6082342461537829,0.23588898346033715,1.0,0.0
0.6082342461537829,0.23925398195029146,1.0,0.0
0.6082342461537829,0.2426189804402458,1.0,0.0
0.6115992446437372,0.06090906198271227,1.0,0.0
0.6115992446437372,0.0642740604726666,1.0,0.0
0.6115992446437372,0.06763905896262092,1.0,0.0
0.6115992446437372,0.07100405745257524,1.0,0.0
0.6115992446437372,0.07436905594252957,1.0,0.0
0.6115992446437372,0.07773405443248389,1.0,0.0
0.6115992446437372,0.08109905292243821,1.0,0.0
0.6115992446437372,0.08446405141239255,1.0,0.0
0.6115992446437372,0.08782904990234687,1.0,0.0
0.6115992446437372,0.09119404839230119,1.0,0.0
0.6115992446437372,0.09455904688225551,1.0,0.0
0.6115992446437372,0.09792404537220983,1.0,0.0
0.6115992446437372,0.10128904386216417,1.0,0.0
0.6115992446437372,0.10465404235211849,1.0,0.0
0.6115992446437372,0.10801904084207281,1.0,0.0
0.6115992446437372,0.11138403933202715,1.0,0.0
0.6115992446437372,0.11474903782198147,1.0,0.0
0.6115992446437372,0.11811403631193579,1.0,0.0
0.6115992446437372,0.12147903480189011,1.0,0.0
0.6115992446437372,0.12484403329184443,1.0,0.0
0.6115992446437372,0.12820903178179877,1.0,0.0
0.6115992446437372,0.13157403027175307,1.0,0.0
0.6115992446437372,0.1349390287617074,1.0,0.0
0.6115992446437372,0.13830402725166174,1.0,0.0
0.6115992446437372,0.14166902574161605,1.0,0.0
0.6115992446437372,0.14503402423157039,1.0,0.0
0.6115992446437372,0.14839902272152472,1.0,0.0
0.6115992446437372,0.15176402121147903,1.0,0.0
0.6115992446437372,0.15512901970143336,1.0,0.0
0.6115992446437372,0.1584940181913877,1.0,0.0
0.6115992446437372,0.161859016681342,1.0,0.0
0.6115992446437372,0.16522401517129634,1.0,0.0
0.6115992446437372,0.16858901366125065,1.0,0.0
0.6115992446437372,0.17195401215120498,1.0,0.0
0.6115992446437372,0.17531901064115932,1.0,0.0
0.6115992446437372,0.17868400913111362,1.0,0.0
0.6115992446437372,0.18204900762106796,1.0,0.0
0.6115992446437372,0.18541400611102227,1.0,0.0
0.6115992446437372,0.1887790046009766,1.0,0.0
0.6115992446437372,0.19214400309093094,1.0,0.0
0.6115992446437372,0.19550900158088524,1.0,0.0
0.6115992446437372,0.19887400007083958,1.0,0.0
0.6115992446437372,0.20223899856079391,1.0,0.0
0.6115992446437372,0.20560399705074822,1.0,0.0
0.6115992446437372,0.20896899554070256,1.0,0.0
0.6115992446437372,0.2123339940306569,1.0,0.0
0.6115992446437372,0.2156989925206112,1.0,0.0
0.6115992446437372,0.21906399101056553,1.0,0.0
0.6115992446437372,0.22242898950051984,1.0,0.0
0.6115992446437372,0.22579398799047418,1.0,0.0
0.6115992446437372,0.2291589864804285,1.0,0.0
0.6115992446437372,0.23252398497038282,1.0,0.0
0.6115992446437372,0.23588898346033715,1.0,0.0
0.6115992446437372,0.23925398195029146,1.0,0.0
0.6149642431336915,0.06090906198271227,1.0,0.0
0.6149642431336915,0.0642740604726666,1.0,0.0
0.6149642431336915,0.06763905896262092,1.0,0.0
0.6149642431336915,0.07100405745257524,1.0,0.0
0.6149642431336915,0.07436905594252957,1.0,0.0
0.6149642431336915,0.07773405443248389,1.0,0.0
0.6149642431336915,0.08109905292243821,1.0,0.0
0.6149642431336915,0.08446405141239255,1.0,0.0
0.6149642431336915,0.08782904990234687,1.0,0.0
0.6149642431336915,0.09119404839230119,1.0,0.0
0.6149642431336915,0.09455904688225551,1.0,0.0
0.6149642431336915,0.09792404537220983,1.0,0.0
0.6149642431336915,0.10128904386216417,1.0,0.0
0.6149642431336915,0.10465404235211849,1.0,0.0
0.6149642431336915,0.10801904084207281,1.0,0.0
0.6149642431336915,0.11138403933202715,1.0,0.0
0.6149642431336915,0.11474903782198147,1.0,0.0
0.6149642431336915,0.11811403631193579,1.0,0.0
0.6149642431336915,0.12147903480189011,1.0,0.0
0.6149642431336915,0.12484403329184443,1.0,0.0
0.6149642431336915,0.12820903178179877,1.0,0.0
0.6149642431336915,0.13157403027175307,1.0,0.0
0.6149642431336915,0.1349390287617074,1.0,0.0
0.6149642431336915,0.13830402725166174,1.0,0.0
0.6149642431336915,0.14166902574161605,1.0,0.0
0.6149642431336915,0.14503402423157039,1.0,0.0
0.6149642431336915,0.14839902272152472,1.0,0.0
0.6149642431336915,0.15176402121147903,1.0,0.0
0.6149642431336915,0.15512901970143336,1.0,0.0
0.6149642431336915,0.1584940181913877,1.0,0.0
0.6149642431336915,0.161859016681342,1.0,0.0
0.6149642431336915,0.16522401517129634,1.0,0.0
0.6149642431336915,0.16858901366125065,1.0,0.0
0.6149642431336915,0.17195401215120498,1.0,0.0
0.6149642431336915,0.17531901064115932,1.0,0.0
0.6149642431336915,0.17868400913111362,1.0,0.0
0.6149642431336915,0.18204900762106796,1.0,0.0
0.6149642431336915,0.18541400611102227,1.0,0.0
0.6149642431336915,0.1887790046009766,1.0,0.0
0.6149642431336915,0.19214400309093094,1.0,0.0
0.6149642431336915,0.19550900158088524,1.0,0.0
0.6149642431336915,0.19887400007083958,1.0,0.0
0.6149642431336915,0.20223899856079391,1.0,0.0
0.6149642431336915,0.20560399705074822,1.0,0.0
0.6149642431336915,0.20896899554070256,1.0,0.0
0.6149642431336915,0.2123339940306569,1.0,0.0
0.6149642431336915,0.2156989925206112,1.0,0.0
0.6149642431336915,0.21906399101056553,1.0,0.0
0.6149642431336915,0.22242898950051984,1.0,0.0
0.6149642431336915,0.22579398799047418,1.0,0.0
0.6149642431336915,0.2291589864804285,1.0,0.0
0.6149642431336915,0.23252398497038282,1.0,0.0
0.6149642431336915,0.23588898346033715,1.0,0.0
0.6183292416236459,0.06090906198271227,1.0,0.0
0.6183292416236459,0.0642740604726666,1.0,0.0
0.6183292416236459,0.06763905896262092,1.0,0.0
0.6183292416236459,0.07100405745257524,1.0,0.0
0.6183292416236459,0.07436905594252957,1.0,0.0
0.6183292416236459,0.07773405443248389,1.0,0.0
0.6183292416236459,0.08109905292243821,1.0,0.0
0.6183292416236459,0.08446405141239255,1.0,0.0
0.6183292416236459,0.08782904990234687,1.0,0.0
0.6183292416236459,0.09119404839230119,1.0,0.0
0.6183292416236459,0.09455904688225551,1.0,0.0
0.6183292416236459,0.09792404537220983,1.0,0.0
0.6183292416236459,0.10128904386216417,1.0,0.0
0.6183292416236459,0.10465404235211849,1.0,0.0
0.6183292416236459,0.10801904084207281,1.0,0.0
0.6183292416236459,0.11138403933202715,1.0,0.0
0.6183292416236459,0.11474903782198147,1.0,0.0
0.6183292416236459,0.11811403631193579,1.0,0.0
0.6183292416236459,0.12147903480189011,1.0,0.0
0.6183292416236459,0.12484403329184443,1.0,0.0
0.6183292416236459,0.12820903178179877,1.0,0.0
0.6183292416236459,0.13157403027175307,1.0,0.0
0.6183292416236459,0.1349390287617074,1.0,0.0
0.6183292416236459,0.13830402725166174,1.0,0.0
0.6183292416236459,0.14166902574161605,1.0,0.0
0.6183292416236459,0.14503402423157039,1.0,0.0
0.6183292416236459,0.14839902272152472,1.0,0.0
0.6183292416236459,0.15176402121147903,1.0,0.0
0.6183292416236459,0.15512901970143336,1.0,0.0
0.6183292416236459,0.1584940181913877,1.0,0.0
0.6183292416236459,0.161859016681342,1.0,0.0
0.6183292416236459,0.16522401517129634,1.0,0.0
0.6183292416236459,0.16858901366125065,1.0,0.0
0.6183292416236459,0.17195401215120498,1.0,0.0
0.6183292416236459,0.17531901064115932,1.0,0.0
0.6183292416236459,0.17868400913111362,1.0,0.0
0.6183292416236459,0.18204900762106796,1.0,0.0
0.6183292416236459,0.18541400611102227,1.0,0.0
0.6183292416236459,0.1887790046009766,1.0,0.0
0.6183292416236459,0.19214400309093094,1.0,0.0
0.6183292416236459,0.19550900158088524,1.0,0.0
0.6183292416236459,0.19887400007083958,1.0,0.0
0.6183292416236459,0.20223899856079391,1.0,0.0
0.6183292416236459,0.20560399705074822,1.0,0.0
0.6183292416236459,0.20896899554070256,1.0,0.0
0.6183292416236459,0.2123339940306569,1.0,0.0
0.6183292416236459,0.2156989925206112,1.0,0.0
0.6183292416236459,0.21906399101056553,1.0,0.0
0.6183292416236459,0.22242898950051984,1.0,0.0
0.6183292416236459,0.22579398799047418,1.0,0.0
0.6183292416236459,0.2291589864804285,1.0,0.0
0.6183292416236459,0.23252398497038282,1.0,0.0
0.6183292416236459,0.23588898346033715,1.0,0.0
0.6216942401136002,0.06090906198271227,1.0,0.0
0.6216942401136002,0.0642740604726666,1.0,0.0
0.6216942401136002,0.06763905896262092,1.0,0.0
0.6216942401136002,0.07100405745257524,1.0,0.0
0.6216942401136002,0.07436905594252957,1.0,0.0
0.6216942401136002,0.07773405443248389,1.0,0.0
0.6216942401136002,0.08109905292243821,1.0,0.0
0.6216942401136002,0.08446405141239255,1.0,0.0
0.6216942401136002,0.08782904990234687,1.0,0.0
0.6216942401136002,0.09119404839230119,1.0,0.0
0.6216942401136002,0.09455904688225551,1.0,0.0
0.6216942401136002,0.09792404537220983,1.0,0.0
0.6216942401136002,0.10128904386216417,1.0,0.0
0.6216942401136002,0.10465404235211849,1.0,0.0
0.6216942401136002,0.10801904084207281,1.0,0.0
0.6216942401136002,0.11138403933202715,1.0,0.0
0.6216942401136002,0.11474903782198147,1.0,0.0
0.6216942401136002,0.11811403631193579,1.0,0.0
0.6216942401136002,0.12147903480189011,1.0,0.0
0.6216942401136002,0.12484403329184443,1.0,0.0
0.6216942401136002,0.12820903178179877,1.0,0.0
0.6216942401136002,0.13157403027175307,1.0,0.0
0.6216942401136002,0.1349390287617074,1.0,0.0
0.6216942401136002,0.13830402725166174,1.0,0.0
0.6216942401136002,0.14166902574161605,1.0,0.0
0.6216942401136002,0.14503402423157039,1.0,0.0
0.6216942401136002,0.14839902272152472,1.0,0.0
0.6216942401136002,0.15176402121147903,1.0,0.0
0.6216942401136002,0.15512901970143336,1.0,0.0
0.6216942401136002,0.1584940181913877,1.0,0.0
0.6216942401136002,0.161859016681342,1.0,0.0
0.6216942401136002,0.16522401517129634,1.0,0.0
0.6216942401136002,0.16858901366125065,1.0,0.0
0.6216942401136002,0.17195401215120498,1.0,0.0
0.6216942401136002,0.17531901064115932,1.0,0.0
0.6216942401136002,0.17868400913111362,1.0,0.0
0.6216942401136002,0.18204900762106796,1.0,0.0
0.6216942401136002,0.18541400611102227,1.0,0.0
0.6216942401136002,0.1887790046009766,1.0,0.0
0.6216942401136002,0.19214400309093094,1.0,0.0
0.6216942401136002,0.19550900158088524,1.0,0.0
0.6216942401136002,0.19887400007083958,1.0,0.0
0.6216942401136002,0.20223899856079391,1.0,0.0
0.6216942401136002,0.20560399705074822,1.0,0.0
0.6216942401136002,0.20896899554070256,1.0,0.0
0.6216942401136002,0.2123339940306569,1.0,0.0
0.6216942401136002,0.2156989925206112,1.0,0.0
0.6216942401136002,0.21906399101056553,1.0,0.0
0.6216942401136002,0.22242898950051984,1.0,0.0
0.6216942401136002,0.22579398799047418,1.0,0.0
0.6216942401136002,0.2291589864804285,1.0,0.0
0.6216942401136002,0.23252398497038282,1.0,0.0
0.6250592386035545,0.06090906198271227,1.0,0.0
0.6250592386035545,0.0642740604726666,1.0,0.0
0.6250592386035545,0.06763905896262092,1.0,0.0
0.6250592386035545,0.07100405745257524,1.0,0.0
0.6250592386035545,0.07436905594252957,1.0,0.0
0.6250592386035545,0.07773405443248389,1.0,0.0
0.6250592386035545,0.08109905292243821,1.0,0.0
0.6250592386035545,0.08446405141239255,1.0,0.0
0.6250592386035545,0.08782904990234687,1.0,0.0
0.6250592386035545,0.09119404839230119,1.0,0.0
0.6250592386035545,0.09455904688225551,1.0,0.0
0.6250592386035545,0.09792404537220983,1.0,0.0
0.6250592386035545,0.10128904386216417,1.0,0.0
0.6250592386035545,0.10465404235211849,1.0,0.0
0.6250592386035545,0.10801904084207281,1.0,0.0
0.6250592386035545,0.11138403933202715,1.0,0.0
0.6250592386035545,0.11474903782198147,1.0,0.0
0.6250592386035545,0.11811403631193579,1.0,0.0
0.6250592386035545,0.12147903480189011,1.0,0.0
0.6250592386035545,0.12484403329184443,1.0,0.0
0.6250592386035545,0.12820903178179877,1.0,0.0
0.6250592386035545,0.13157403027175307,1.0,0.0
0.6250592386035545,0.1349390287617074,1.0,0.0
0.6250592386035545,0.13830402725166174,1.0,0.0
0.6250592386035545,0.14166902574161605,1.0,0.0
0.6250592386035545,0.14503402423157039,1.0,0.0
0.6250592386035545,0.14839902272152472,1.0,0.0
0.6250592386035545,0.15176402121147903,1.0,0.0
0.6250592386035545,0.15512901970143336,1.0,0.0
0.6250592386035545,0.1584940181913877,1.0,0.0
0.6250592386035545,0.161859016681342,1.0,0.0
0.6250592386035545,0.16522401517129634,1.0,0.0
0.6250592386035545,0.16858901366125065,1.0,0.0
0.6250592386035545,0.17195401215120498,1.0,0.0
0.6250592386035545,0.17531901064115932,1.0,0.0
0.6250592386035545,0.17868400913111362,1.0,0.0
0.6250592386035545,0.18204900762106796,1.0,0.0
0.6250592386035545,0.18541400611102227,1.0,0.0
0.6250592386035545,0.1887790046009766,1.0,0.0
0.6250592386035545,0.19214400309093094,1.0,0.0
0.6250592386035545,0.19550900158088524,1.0,0.0
0.6250592386035545,0.19887400007083958,1.0,0.0
0.6250592386035545,0.20223899856079391,1.0,0.0
0.6250592386035545,0.20560399705074822,1.0,0.0
0.6250592386035545,0.20896899554070256,1.0,0.0
0.6250592386035545,0.2123339940306569,1.0,0.0
0.6250592386035545,0.2156989925206112,1.0,0.0
0.6250592386035545,0.21906399101056553,1.0,0.0
0.6250592386035545,0.22242898950051984,1.0,0.0
0.6250592386035545,0.22579398799047418,1.0,0.0
0.6250592386035545,0.2291589864804285,1.0,0.0
0.6284242370935088,0.06090906198271227,1.0,0.0
0.6284242370935088,0.0642740604726666,1.0,0.0
0.6284242370935088,0.06763905896262092,1.0,0.0
0.6284242370935088,0.07100405745257524,1.0,0.0
0.6284242370935088,0.07436905594252957,1.0,0.0
0.6284242370935088,0.07773405443248389,1.0,0.0
0.6284242370935088,0.08109905292243821,1.0,0.0
0.6284242370935088,0.08446405141239255,1.0,0.0
0.6284242370935088,0.08782904990234687,1.0,0.0
0.6284242370935088,0.09119404839230119,1.0,0.0
0.6284242370935088,0.09455904688225551,1.0,0.0
0.6284242370935088,0.09792404537220983,1.0,0.0
0.6284242370935088,0.10128904386216417,1.0,0.0
0.6284242370935088,0.10465404235211849,1.0,0.0
0.6284242370935088,0.10801904084207281,1.0,0.0
0.6284242370935088,0.11138403933202715,1.0,0.0
0.6284242370935088,0.11474903782198147,1.0,0.0
0.6284242370935088,0.11811403631193579,1.0,0.0
0.6284242370935088,0.12147903480189011,1.0,0.0
0.6284242370935088,0.12484403329184443,1.0,0.0
0.6284242370935088,0.12820903178179877,1.0,0.0
0.6284242370935088,0.13157403027175307,1.0,0.0
0.6284242370935088,0.1349390287617074,1.0,0.0
0.6284242370935088,0.13830402725166174,1.0,0.0
0.6284242370935088,0.14166902574161605,1.0,0.0
0.6284242370935088,0.14503402423157039,1.0,0.0
0.6284242370935088,0.14839902272152472,1.0,0.0
0.6284242370935088,0.15176402121147903,1.0,0.0
0.6284242370935088,0.15512901970143336,1.0,0.0
0.6284242370935088,0.1584940181913877,1.0,0.0
0.6284242370935088,0.161859016681342,1.0,0.0
0.6284242370935088,0.16522401517129634,1.0,0.0
0.6284242370935088,0.16858901366125065,1.0,0.0
0.6284242370935088,0.17195401215120498,1.0,0.0
0.6284242370935088,0.17531901064115932,1.0,0.0
0.6284242370935088,0.17868400913111362,1.0,0.0
0.6284242370935088,0.18204900762106796,1.0,0.0
0.6284242370935088,0.18541400611102227,1.0,0.0
0.6284242370935088,0.1887790046009766,1.0,0.0
0.6284242370935088,0.19214400309093094,1.0,0.0
0.6284242370935088,0.19550900158088524,1.0,0.0
0.6284242370935088,0.19887400007083958,1.0,0.0
0.6284242370935088,0.20223899856079391,1.0,0.0
0.6284242370935088,0.20560399705074822,1.0,0.0
0.6284242370935088,0.20896899554070256,1.0,0.0
0.6284242370935088,0.2123339940306569,1.0,0.0
0.6284242370935088,0.2156989925206112,1.0,0.0
0.6284242370935088,0.21906399101056553,1.0,0.0
0.6284242370935088,0.22242898950051984,1.0,0.0
0.6284242370935088,0.22579398799047418,1.0,0.0
0.6317892355834631,0.06090906198271227,1.0,0.0
0.6317892355834631,0.0642740604726666,1.0,0.0
0.6317892355834631,0.06763905896262092,1.0,0.0
0.6317892355834631,0.07100405745257524,1.0,0.0
0.6317892355834631,0.07436905594252957,1.0,0.0
0.6317892355834631,0.07773405443248389,1.0,0.0
0.6317892355834631,0.08109905292243821,1.0,0.0
0.6317892355834631,0.08446405141239255,1.0,0.0
0.6317892355834631,0.08782904990234687,1.0,0.0
0.6317892355834631,0.09119404839230119,1.0,0.0
0.6317892355834631,0.09455904688225551,1.0,0.0
0.6317892355834631,0.09792404537220983,1.0,0.0
0.6317892355834631,0.10128904386216417,1.0,0.0
0.6317892355834631,0.10465404235211849,1.0,0.0
0.6317892355834631,0.10801904084207281,1.0,0.0
0.6317892355834631,0.11138403933202715,1.0,0.0
0.6317892355834631,0.11474903782198147,1.0,0.0
0.6317892355834631,0.11811403631193579,1.0,0.0
0.6317892355834631,0.12147903480189011,1.0,0.0
0.6317892355834631,0.12484403329184443,1.0,0.0
0.6317892355834631,0.12820903178179877,1.0,0.0
0.6317892355834631,0.13157403027175307,1.0,0.0
0.6317892355834631,0.1349390287617074,1.0,0.0
0.6317892355834631,0.13830402725166174,1.0,0.0
0.6317892355834631,0.14166902574161605,1.0,0.0
0.6317892355834631,0.14503402423157039,1.0,0.0
0.6317892355834631,0.14839902272152472,1.0,0.0
0.6317892355834631,0.15176402121147903,1.0,0.0
0.6317892355834631,0.15512901970143336,1.0,0.0
0.6317892355834631,0.1584940181913877,1.0,0.0
0.6317892355834631,0.161859016681342,1.0,0.0
0.6317892355834631,0.16522401517129634,1.0,0.0
0.6317892355834631,0.16858901366125065,1.0,0.0
0.6317892355834631,0.17195401215120498,1.0,0.0
0.6317892355834631,0.17531901064115932,1.0,0.0
0.6317892355834631,0.17868400913111362,1.0,0.0
0.6317892355834631,0.18204900762106796,1.0,0.0
0.6317892355834631,0.18541400611102227,1.0,0.0
0.6317892355834631,0.1887790046009766,1.0,0.0
0.6317892355834631,0.19214400309093094,1.0,0.0
0.6317892355834631,0.19550900158088524,1.0,0.0
0.6317892355834631,0.19887400007083958,1.0,0.0
0.6317892355834631,0.20223899856079391,1.0,0.0
0.6317892355834631,0.20560399705074822,1.0,0.0
0.6317892355834631,0.20896899554070256,1.0,0.0
0.6317892355834631,0.2123339940306569,1.0,0.0
0.6317892355834631,0.2156989925206112,1.0,0.0
0.6317892355834631,0.21906399101056553,1.0,0.0
0.6317892355834631,0.22242898950051984,1.0,0.0
0.6351542340734174,0.06090906198271227,1.0,0.0
0.6351542340734174,0.0642740604726666,1.0,0.0
0.6351542340734174,0.06763905896262092,1.0,0.0
0.6351542340734174,0.07100405745257524,1.0,0.0
0.6351542340734174,0.07436905594252957,1.0,0.0
0.6351542340734174,0.07773405443248389,1.0,0.0
0.6351542340734174,0.08109905292243821,1.0,0.0
0.6351542340734174,0.08446405141239255,1.0,0.0
0.6351542340734174,0.08782904990234687,1.0,0.0
0.6351542340734174,0.09119404839230119,1.0,0.0
0.6351542340734174,0.09455904688225551,1.0,0.0
0.6351542340734174,0.09792404537220983,1.0,0.0
0.6351542340734174,0.10128904386216417,1.0,0.0
0.6351542340734174,0.10465404235211849,1.0,0.0
0.6351542340734174,0.10801904084207281,1.0,0.0
0.6351542340734174,0.11138403933202715,1.0,0.0
0.6351542340734174,0.11474903782198147,1.0,0.0
0.6351542340734174,0.11811403631193579,1.0,0.0
0.6351542340734174,0.12147903480189011,1.0,0.0
0.6351542340734174,0.12484403329184443,1.0,0.0
0.6351542340734174,0.12820903178179877,1.0,0.0
0.6351542340734174,0.13157403027175307,1.0,0.0
0.6351542340734174,0.1349390287617074,1.0,0.0
0.6351542340734174,0.13830402725166174,1.0,0.0
0.6351542340734174,0.14166902574161605,1.0,0.0
0.6351542340734174,0.14503402423157039,1.0,0.0
0.6351542340734174,0.14839902272152472,1.0,0.0
0.6351542340734174,0.15176402121147903,1.0,0.0
0.6351542340734174,0.15512901970143336,1.0,0.0
0.6351542340734174,0.1584940181913877,1.0,0.0
0.6351542340734174,0.161859016681342,1.0,0.0
0.6351542340734174,0.16522401517129634,1.0,0.0
0.6351542340734174,0.16858901366125065,1.0,0.0
0.6351542340734174,0.17195401215120498,1.0,0.0
0.6351542340734174,0.17531901064115932,1.0,0.0
0.6351542340734174,0.17868400913111362,1.0,0.0
0.6351542340734174,0.18204900762106796,1.0,0.0
0.6351542340734174,0.18541400611102227,1.0,0.0
0.6351542340734174,0.1887790046009766,1.0,0.0
0.6351542340734174,0.19214400309093094,1.0,0.0
0.6351542340734174,0.19550900158088524,1.0,0.0
0.6351542340734174,0.19887400007083958,1.0,0.0
0.6351542340734174,0.20223899856079391,1.0,0.0
0.6351542340734174,0.20560399705074822,1.0,0.0
0.6351542340734174,0.20896899554070256,1.0,0.0
0.6351542340734174,0.2123339940306569,1.0,0.0
0.6351542340734174,0.2156989925206112,1.0,0.0
0.6351542340734174,0.21906399101056553,1.0,0.0
0.6385192325633718,0.06090906198271227,1.0,0.0
0.6385192325633718,0.0642740604726666,1.0,0.0
0.6385192325633718,0.06763905896262092,1.0,0.0
0.6385192325633718,0.07100405745257524,1.0,0.0
0.6385192325633718,0.07436905594252957,1.0,0.0
0.6385192325633718,0.07773405443248389,1.0,0.0
0.6385192325633718,0.08109905292243821,1.0,0.0
0.6385192325633718,0.08446405141239255,1.0,0.0
0.6385192325633718,0.08782904990234687,1.0,0.0
0.6385192325633718,0.09119404839230119,1.0,0.0
0.6385192325633718,0.09455904688225551,1.0,0.0
0.6385192325633718,0.09792404537220983,1.0,0.0
0.6385192325633718,0.10128904386216417,1.0,0.0
0.6385192325633718,0.10465404235211849,1.0,0.0
0.6385192325633718,0.10801904084207281,1.0,0.0
0.6385192325633718,0.11138403933202715,1.0,0.0
0.6385192325633718,0.11474903782198147,1.0,0.0
0.6385192325633718,0.11811403631193579,1.0,0.0
0.6385192325633718,0.12147903480189011,1.0,0.0
0.6385192325633718,0.12484403329184443,1.0,0.0
0.6385192325633718,0.12820903178179877,1.0,0.0
0.6385192325633718,0.13157403027175307,1.0,0.0
0.6385192325633718,0.1349390287617074,1.0,0.0
0.6385192325633718,0.13830402725166174,1.0,0.0
0.6385192325633718,0.14166902574161605,1.0,0.0
0.6385192325633718,0.14503402423157039,1.0,0.0
0.6385192325633718,0.14839902272152472,1.0,0.0
0.6385192325633718,0.15176402121147903,1.0,0.0
0.6385192325633718,0.15512901970143336,1.0,0.0
0.6385192325633718,0.1584940181913877,1.0,0.0
0.6385192325633718,0.161859016681342,1.0,0.0
0.6385192325633718,0.16522401517129634,1.0,0.0
0.6385192325633718,0.16858901366125065,1.0,0.0
0.6385192325633718,0.17195401215120498,1.0,0.0
0.6385192325633718,0.17531901064115932,1.0,0.0
0.6385192325633718,0.17868400913111362,1.0,0.0
0.6385192325633718,0.18204900762106796,1.0,0.0
0.6385192325633718,0.18541400611102227,1.0,0.0
0.6385192325633718,0.1887790046009766,1.0,0.0
0.6385192325633718,0.19214400309093094,1.0,0.0
0.6385192325633718,0.19550900158088524,1.0,0.0
0.6385192325633718,0.19887400007083958,1.0,0.0
0.6385192325633718,0.20223899856079391,1.0,0.0
0.6385192325633718,0.20560399705074822,1.0,0.0
0.6385192325633718,0.20896899554070256,1.0,0.0
0.6385192325633718,0.2123339940306569,1.0,0.0
0.6385192325633718,0.2156989925206112,1.0,0.0
0.6418842310533261,0.06090906198271227,1.0,0.0
0.6418842310533261,0.0642740604726666,1.0,0.0
0.6418842310533261,0.06763905896262092,1.0,0.0
0.6418842310533261,0.07100405745257524,1.0,0.0
0.6418842310533261,0.07436905594252957,1.0,0.0
0.6418842310533261,0.07773405443248389,1.0,0.0
0.6418842310533261,0.08109905292243821,1.0,0.0
0.6418842310533261,0.08446405141239255,1.0,0.0
0.6418842310533261,0.08782904990234687,1.0,0.0
0.6418842310533261,0.09119404839230119,1.0,0.0
0.6418842310533261,0.09455904688225551,1.0,0.0
0.6418842310533261,0.09792404537220983,1.0,0.0
0.6418842310533261,0.10128904386216417,1.0,0.0
0.6418842310533261,0.10465404235211849,1.0,0.0
0.6418842310533261,0.10801904084207281,1.0,0.0
0.6418842310533261,0.11138403933202715,1.0,0.0
0.6418842310533261,0.11474903782198147,1.0,0.0
0.6418842310533261,0.11811403631193579,1.0,0.0
0.6418842310533261,0.12147903480189011,1.0,0.0
0.6418842310533261,0.12484403329184443,1.0,0.0
0.6418842310533261,0.12820903178179877,1.0,0.0
0.6418842310533261,0.13157403027175307,1.0,0.0
0.6418842310533261,0.1349390287617074,1.0,0.0
0.6418842310533261,0.13830402725166174,1.0,0.0
0.6418842310533261,0.14166902574161605,1.0,0.0
0.6418842310533261,0.14503402423157039,1.0,0.0
0.6418842310533261,0.14839902272152472,1.0,0.0
0.6418842310533261,0.15176402121147903,1.0,0.0
0.6418842310533261,0.15512901970143336,1.0,0.0
0.6418842310533261,0.1584940181913877,1.0,0.0
0.6418842310533261,0.161859016681342,1.0,0.0
0.6418842310533261,0.16522401517129634,1.0,0.0
0.6418842310533261,0.16858901366125065,1.0,0.0
0.6418842310533261,0.17195401215120498,1.0,0.0
0.6418842310533261,0.17531901064115932,1.0,0.0
0.6418842310533261,0.17868400913111362,1.0,0.0
0.6418842310533261,0.18204900762106796,1.0,0.0
0.6418842310533261,0.18541400611102227,1.0,0.0
0.6418842310533261,0.1887790046009766,1.0,0.0
0.6418842310533261,0.19214400309093094,1.0,0.0
0.6418842310533261,0.19550900158088524,1.0,0.0
0.6418842310533261,0.19887400007083958,1.0,0.0
0.6418842310533261,0.20223899856079391,1.0,0.0
0.6418842310533261,0.20560399705074822,1.0,0.0
0.6418842310533261,0.20896899554070256,1.0,0.0
0.6418842310533261,0.2123339940306569,1.0,0.0
0.6452492295432805,0.06090906198271227,1.0,0.0
0.6452492295432805,0.0642740604726666,1.0,0.0
0.6452492295432805,0.06763905896262092,1.0,0.0
0.6452492295432805,0.07100405745257524,1.0,0.0
0.6452492295432805,0.07436905594252957,1.0,0.0
0.6452492295432805,0.07773405443248389,1.0,0.0
0.6452492295432805,0.08109905292243821,1.0,0.0
0.6452492295432805,0.08446405141239255,1.0,0.0
0.6452492295432805,0.08782904990234687,1.0,0.0
0.6452492295432805,0.09119404839230119,1.0,0.0
0.6452492295432805,0.09455904688225551,1.0,0.0
0.6452492295432805,0.09792404537220983,1.0,0.0
0.6452492295432805,0.10128904386216417,1.0,0.0
0.6452492295432805,0.10465404235211849,1.0,0.0
0.6452492295432805,0.10801904084207281,1.0,0.0
0.6452492295432805,0.11138403933202715,1.0,0.0
0.6452492295432805,0.11474903782198147,1.0,0.0
0.6452492295432805,0.11811403631193579,1.0,0.0
0.6452492295432805,0.12147903480189011,1.0,0.0
0.6452492295432805,0.12484403329184443,1.0,0.0
0.6452492295432805,0.12820903178179877,1.0,0.0
0.6452492295432805,0.13157403027175307,1.0,0.0
0.6452492295432805,0.1349390287617074,1.0,0.0
0.6452492295432805,0.13830402725166174,1.0,0.0
0.6452492295432805,0.14166902574161605,1.0,0.0
0.6452492295432805,0.14503402423157039,1.0,0.0
0.6452492295432805,0.14839902272152472,1.0,0.0
0.6452492295432805,0.15176402121147903,1.0,0.0
0.6452492295432805,0.15512901970143336,1.0,0.0
0.6452492295432805,0.1584940181913877,1.0,0.0
0.6452492295432805,0.161859016681342,1.0,0.0
0.6452492295432805,0.16522401517129634,1.0,0.0
0.6452492295432805,0.16858901366125065,1.0,0.0
0.6452492295432805,0.17195401215120498,1.0,0.0
0.6452492295432805,0.17531901064115932,1.0,0.0
0.6452492295432805,0.17868400913111362,1.0,0.0
0.6452492295432805,0.18204900762106796,1.0,0.0
0.6452492295432805,0.18541400611102227,1.0,0.0
0.6452492295432805,0.1887790046009766,1.0,0.0
0.6452492295432805,0.19214400309093094,1.0,0.0
0.6452492295432805,0.19550900158088524,1.0,0.0
0.6452492295432805,0.19887400007083958,1.0,0.0
0.6452492295432805,0.20223899856079391,1.0,0.0
0.6452492295432805,0.20560399705074822,1.0,0.0
0.6452492295432805,0.20896899554070256,1.0,0.0
0.6486142280332348,0.06090906198271227,1.0,0.0
0.6486142280332348,0.0642740604726666,1.0,0.0
0.6486142280332348,0.06763905896262092,1.0,0.0
0.6486142280332348,0.07100405745257524,1.0,0.0
0.6486142280332348,0.07436905594252957,1.0,0.0
0.6486142280332348,0.07773405443248389,1.0,0.0
0.6486142280332348,0.08109905292243821,1.0,0.0
0.6486142280332348,0.08446405141239255,1.0,0.0
0.6486142280332348,0.08782904990234687,1.0,0.0
0.6486142280332348,0.09119404839230119,1.0,0.0
0.6486142280332348,0.09455904688225551,1.0,0.0
0.6486142280332348,0.09792404537220983,1.0,0.0
0.6486142280332348,0.10128904386216417,1.0,0.0
0.6486142280332348,0.10465404235211849,1.0,0.0
0.6486142280332348,0.10801904084207281,1.0,0.0
0.6486142280332348,0.11138403933202715,1.0,0.0
0.6486142280332348,0.11474903782198147,1.0,0.0
0.6486142280332348,0.11811403631193579,1.0,0.0
0.6486142280332348,0.12147903480189011,1.0,0.0
0.6486142280332348,0.12484403329184443,1.0,0.0
0.6486142280332348,0.12820903178179877,1.0,0.0
0.6486142280332348,0.13157403027175307,1.0,0.0
0.6486142280332348,0.1349390287617074,1.0,0.0
0.6486142280332348,0.13830402725166174,1.0,0.0
0.6486142280332348,0.14166902574161605,1.0,0.0
0.6486142280332348,0.14503402423157039,1.0,0.0
0.6486142280332348,0.14839902272152472,1.0,0.0
0.6486142280332348,0.15176402121147903,1.0,0.0
0.6486142280332348,0.15512901970143336,1.0,0.0
0.6486142280332348,0.1584940181913877,1.0,0.0
0.6486142280332348,0.161859016681342,1.0,0.0
0.6486142280332348,0.16522401517129634,1.0,0.0
0.6486142280332348,0.16858901366125065,1.0,0.0
0.6486142280332348,0.17195401215120498,1.0,0.0
0.6486142280332348,0.17531901064115932,1.0,0.0
0.6486142280332348,0.17868400913111362,1.0,0.0
0.6486142280332348,0.18204900762106796,1.0,0.0
0.6486142280332348,0.18541400611102227,1.0,0.0
0.6486142280332348,0.1887790046009766,1.0,0.0
0.6486142280332348,0.19214400309093094,1.0,0.0
0.6486142280332348,0.19550900158088524,1.0,0.0
0.6486142280332348,0.19887400007083958,1.0,0.0
0.6486142280332348,0.20223899856079391,1.0,0.0
0.6486142280332348,0.20560399705074822,1.0,0.0
0.6519792265231891,0.06090906198271227,1.0,0.0
0.6519792265231891,0.0642740604726666,1.0,0.0
0.6519792265231891,0.06763905896262092,1.0,0.0
0.6519792265231891,0.07100405745257524,1.0,0.0
0.6519792265231891,0.07436905594252957,1.0,0.0
0.6519792265231891,0.07773405443248389,1.0,0.0
0.6519792265231891,0.08109905292243821,1.0,0.0
0.6519792265231891,0.08446405141239255,1.0,0.0
0.6519792265231891,0.08782904990234687,1.0,0.0
0.6519792265231891,0.09119404839230119,1.0,0.0
0.6519792265231891,0.09455904688225551,1.0,0.0
0.6519792265231891,0.09792404537220983,1.0,0.0
0.6519792265231891,0.10128904386216417,1.0,0.0
0.6519792265231891,0.10465404235211849,1.0,0.0
0.6519792265231891,0.10801904084207281,1.0,0.0
0.6519792265231891,0.11138403933202715,1.0,0.0
0.6519792265231891,0.11474903782198147,1.0,0.0
0.6519792265231891,0.11811403631193579,1.0,0.0
0.6519792265231891,0.12147903480189011,1.0,0.0
0.6519792265231891,0.12484403329184443,1.0,0.0
0.6519792265231891,0.12820903178179877,1.0,0.0
0.6519792265231891,0.13157403027175307,1.0,0.0
0.6519792265231891,0.1349390287617074,1.0,0.0
0.6519792265231891,0.13830402725166174,1.0,0.0
0.6519792265231891,0.14166902574161605,1.0,0.0
0.6519792265231891,0.14503402423157039,1.0,0.0
0.6519792265231891,0.14839902272152472,1.0,0.0
0.6519792265231891,0.15176402121147903,1.0,0.0
0.6519792265231891,0.15512901970143336,1.0,0.0
0.6519792265231891,0.1584940181913877,1.0,0.0
0.6519792265231891,0.161859016681342,1.0,0.0
0.6519792265231891,0.16522401517129634,1.0,0.0
0.6519792265231891,0.16858901366125065,1.0,0.0
0.6519792265231891,0.17195401215120498,1.0,0.0
0.6519792265231891,0.17531901064115932,1.0,0.0
0.6519792265231891,0.17868400913111362,1.0,0.0
0.6519792265231891,0.18204900762106796,1.0,0.0
0.6519792265231891,0.18541400611102227,1.0,0.0
0.6519792265231891,0.1887790046009766,1.0,0.0
0.6519792265231891,0.19214400309093094,1.0,0.0
0.6519792265231891,0.19550900158088524,1.0,0.0
0.6519792265231891,0.19887400007083958,1.0,0.0
0.6519792265231891,0.20223899856079391,1.0,0.0
0.6519792265231891,0.20560399705074822,1.0,0.0
0.6553442250131435,0.06090906198271227,1.0,0.0
0.6553442250131435,0.0642740604726666,1.0,0.0
0.6553442250131435,0.06763905896262092,1.0,0.0
0.6553442250131435,0.07100405745257524,1.0,0.0
0.6553442250131435,0.07436905594252957,1.0,0.0
0.6553442250131435,0.07773405443248389,1.0,0.0
0.6553442250131435,0.08109905292243821,1.0,0.0
0.6553442250131435,0.08446405141239255,1.0,0.0
0.6553442250131435,0.08782904990234687,1.0,0.0
0.6553442250131435,0.09119404839230119,1.0,0.0
0.6553442250131435,0.09455904688225551,1.0,0.0
0.6553442250131435,0.09792404537220983,1.0,0.0
0.6553442250131435,0.10128904386216417,1.0,0.0
0.6553442250131435,0.10465404235211849,1.0,0.0
0.6553442250131435,0.10801904084207281,1.0,0.0
0.6553442250131435,0.11138403933202715,1.0,0.0
0.6553442250131435,0.11474903782198147,1.0,0.0
0.6553442250131435,0.11811403631193579,1.0,0.0
0.6553442250131435,0.12147903480189011,1.0,0.0
0.6553442250131435,0.12484403329184443,1.0,0.0
0.6553442250131435,0.12820903178179877,1.0,0.0
0.6553442250131435,0.13157403027175307,1.0,0.0
0.6553442250131435,0.1349390287617074,1.0,0.0
0.6553442250131435,0.13830402725166174,1.0,0.0
0.6553442250131435,0.14166902574161605,1.0,0.0
0.6553442250131435,0.14503402423157039,1.0,0.0
0.6553442250131435,0.14839902272152472,1.0,0.0
0.6553442250131435,0.15176402121147903,1.0,0.0
0.6553442250131435,0.15512901970143336,1.0,0.0
0.6553442250131435,0.1584940181913877,1.0,0.0
0.6553442250131435,0.161859016681342,1.0,0.0
0.6553442250131435,0.16522401517129634,1.0,0.0
0.6553442250131435,0.16858901366125065,1.0,0.0
0.6553442250131435,0.17195401215120498,1.0,0.0
0.6553442250131435,0.17531901064115932,1.0,0.0
0.6553442250131435,0.17868400913111362,1.0,0.0
0.6553442250131435,0.18204900762106796,1.0,0.0
0.6553442250131435,0.18541400611102227,1.0,0.0
0.6553442250131435,0.1887790046009766,1.0,0.0
0.6553442250131435,0.19214400309093094,1.0,0.0
0.6553442250131435,0.19550900158088524,1.0,0.0
0.6553442250131435,0.19887400007083958,1.0,0.0
0.6553442250131435,0.20223899856079391,1.0,0.0
0.6587092235030978,0.06090906198271227,1.0,0.0
0.6587092235030978,0.0642740604726666,1.0,0.0
0.6587092235030978,0.06763905896262092,1.0,0.0
0.6587092235030978,0.07100405745257524,1.0,0.0
0.6587092235030978,0.07436905594252957,1.0,0.0
0.6587092235030978,0.07773405443248389,1.0,0.0
0.6587092235030978,0.08109905292243821,1.0,0.0
0.6587092235030978,0.08446405141239255,1.0,0.0
0.6587092235030978,0.08782904990234687,1.0,0.0
0.6587092235030978,0.09119404839230119,1.0,0.0
0.6587092235030978,0.09455904688225551,1.0,0.0
0.6587092235030978,0.09792404537220983,1.0,0.0
0.6587092235030978,0.10128904386216417,1.0,0.0
0.6587092235030978,0.10465404235211849,1.0,0.0
0.6587092235030978,0.10801904084207281,1.0,0.0
0.6587092235030978,0.11138403933202715,1.0,0.0
0.6587092235030978,0.11474903782198147,1.0,0.0
0.6587092235030978,0.11811403631193579,1.0,0.0
0.6587092235030978,0.12147903480189011,1.0,0.0
0.6587092235030978,0.12484403329184443,1.0,0.0
0.6587092235030978,0.12820903178179877,1.0,0.0
0.6587092235030978,0.13157403027175307,1.0,0.0
0.6587092235030978,0.1349390287617074,1.0,0.0
0.6587092235030978,0.13830402725166174,1.0,0.0
0.6587092235030978,0.14166902574161605,1.0,0.0
0.6587092235030978,0.14503402423157039,1.0,0.0
0.6587092235030978,0.14839902272152472,1.0,0.0
0.6587092235030978,0.15176402121147903,1.0,0.0
0.6587092235030978,0.15512901970143336,1.0,0.0
0.6587092235030978,0.1584940181913877,1.0,0.0
0.6587092235030978,0.161859016681342,1.0,0.0
0.6587092235030978,0.16522401517129634,1.0,0.0
0.6587092235030978,0.16858901366125065,1.0,0.0
0.6587092235030978,0.17195401215120498,1.0,0.0
0.6587092235030978,0.17531901064115932,1.0,0.0
0.6587092235030978,0.17868400913111362,1.0,0.0
0.6587092235030978,0.18204900762106796,1.0,0.0
0.6587092235030978,0.18541400611102227,1.0,0.0
0.6587092235030978,0.1887790046009766,1.0,0.0
0.6587092235030978,0.19214400309093094,1.0,0.0
0.6587092235030978,0.19550900158088524,1.0,0.0
0.6587092235030978,0.19887400007083958,1.0,0.0
0.6587092235030978,0.20223899856079391,1.0,0.0
0.6620742219930521,0.06090906198271227,1.0,0.0
0.6620742219930521,0.0642740604726666,1.0,0.0
0.6620742219930521,0.06763905896262092,1.0,0.0
0.6620742219930521,0.07100405745257524,1.0,0.0
0.6620742219930521,0.07436905594252957,1.0,0.0
0.6620742219930521,0.07773405443248389,1.0,0.0
0.6620742219930521,0.08109905292243821,1.0,0.0
0.6620742219930521,0.08446405141239255,1.0,0.0
0.6620742219930521,0.08782904990234687,1.0,0.0
0.6620742219930521,0.09119404839230119,1.0,0.0
0.6620742219930521,0.09455904688225551,1.0,0.0
0.6620742219930521,0.09792404537220983,1.0,0.0
0.6620742219930521,0.10128904386216417,1.0,0.0
0.6620742219930521,0.10465404235211849,1.0,0.0
0.6620742219930521,0.10801904084207281,1.0,0.0
0.6620742219930521,0.11138403933202715,1.0,0.0
0.6620742219930521,0.11474903782198147,1.0,0.0
0.6620742219930521,0.11811403631193579,1.0,0.0
0.6620742219930521,0.12147903480189011,1.0,0.0
0.6620742219930521,0.12484403329184443,1.0,0.0
0.6620742219930521,0.12820903178179877,1.0,0.0
0.6620742219930521,0.13157403027175307,1.0,0.0
0.6620742219930521,0.1349390287617074,1.0,0.0
0.6620742219930521,0.13830402725166174,1.0,0.0
0.6620742219930521,0.14166902574161605,1.0,0.0
0.6620742219930521,0.14503402423157039,1.0,0.0
0.6620742219930521,0.14839902272152472,1.0,0.0
0.6620742219930521,0.15176402121147903,1.0,0.0
0.6620742219930521,0.15512901970143336,1.0,0.0
0.6620742219930521,0.1584940181913877,1.0,0.0
0.6620742219930521,0.161859016681342,1.0,0.0
0.6620742219930521,0.16522401517129634,1.0,0.0
0.6620742219930521,0.16858901366125065,1.0,0.0
0.6620742219930521,0.17195401215120498,1.0,0.0
0.6620742219930521,0.17531901064115932,1.0,0.0
0.6620742219930521,0.17868400913111362,1.0,0.0
0.6620742219930521,0.18204900762106796,1.0,0.0
0.6620742219930521,0.18541400611102227,1.0,0.0
0.6620742219930521,0.1887790046009766,1.0,0.0
0.6620742219930521,0.19214400309093094,1.0,0.0
0.6620742219930521,0.19550900158088524,1.0,0.0
0.6620742219930521,0.19887400007083958,1.0,0.0
0.6654392204830064,0.0642740604726666,1.0,0.0
0.6654392204830064,0.06763905896262092,1.0,0.0
0.6654392204830064,0.07100405745257524,1.0,0.0
0.6654392204830064,0.07436905594252957,1.0,0.0
0.6654392204830064,0.07773405443248389,1.0,0.0
0.6654392204830064,0.08109905292243821,1.0,0.0
0.6654392204830064,0.08446405141239255,1.0,0.0
0.6654392204830064,0.08782904990234687,1.0,0.0
0.6654392204830064,0.09119404839230119,1.0,0.0
0.6654392204830064,0.09455904688225551,1.0,0.0
0.6654392204830064,0.09792404537220983,1.0,0.0
0.6654392204830064,0.10128904386216417,1.0,0.0
0.6654392204830064,0.10465404235211849,1.0,0.0
0.6654392204830064,0.10801904084207281,1.0,0.0
0.6654392204830064,0.11138403933202715,1.0,0.0
0.6654392204830064,0.11474903782198147,1.0,0.0
0.6654392204830064,0.11811403631193579,1.0,0.0
0.6654392204830064,0.12147903480189011,1.0,0.0
0.6654392204830064,0.12484403329184443,1.0,0.0
0.6654392204830064,0.12820903178179877,1.0,0.0
0.6654392204830064,0.13157403027175307,1.0,0.0
0.6654392204830064,0.1349390287617074,1.0,0.0
0.6654392204830064,0.13830402725166174,1.0,0.0
0.6654392204830064,0.14166902574161605,1.0,0.0
0.6654392204830064,0.14503402423157039,1.0,0.0
0.6654392204830064,0.14839902272152472,1.0,0.0
0.6654392204830064,0.15176402121147903,1.0,0.0
0.6654392204830064,0.15512901970143336,1.0,0.0
0.6654392204830064,0.1584940181913877,1.0,0.0
0.6654392204830064,0.161859016681342,1.0,0.0
0.6654392204830064,0.16522401517129634,1.0,0.0
0.6654392204830064,0.16858901366125065,1.0,0.0
0.6654392204830064,0.17195401215120498,1.0,0.0
0.6654392204830064,0.17531901064115932,1.0,0.0
0.6654392204830064,0.17868400913111362,1.0,0.0
0.6654392204830064,0.18204900762106796,1.0,0.0
0.6654392204830064,0.18541400611102227,1.0,0.0
0.6654392204830064,0.1887790046009766,1.0,0.0
0.6654392204830064,0.19214400309093094,1.0,0.0
0.6654392204830064,0.19550900158088524,1.0,0.0
0.6654392204830064,0.19887400007083958,1.0,0.0
0.6688042189729607,0.0642740604726666,1.0,0.0
0.6688042189729607,0.06763905896262092,1.0,0.0
0.6688042189729607,0.07100405745257524,1.0,0.0
0.6688042189729607,0.07436905594252957,1.0,0.0
0.6688042189729607,0.07773405443248389,1.0,0.0
0.6688042189729607,0.08109905292243821,1.0,0.0
0.6688042189729607,0.08446405141239255,1.0,0.0
0.6688042189729607,0.08782904990234687,1.0,0.0
0.6688042189729607,0.09119404839230119,1.0,0.0
0.6688042189729607,0.09455904688225551,1.0,0.0
0.6688042189729607,0.09792404537220983,1.0,0.0
0.6688042189729607,0.10128904386216417,1.0,0.0
0.6688042189729607,0.10465404235211849,1.0,0.0
0.6688042189729607,0.10801904084207281,1.0,0.0
0.6688042189729607,0.11138403933202715,1.0,0.0
0.6688042189729607,0.11474903782198147,1.0,0.0
0.6688042189729607,0.11811403631193579,1.0,0.0
0.6688042189729607,0.12147903480189011,1.0,0.0
0.6688042189729607,0.12484403329184443,1.0,0.0
0.6688042189729607,0.12820903178179877,1.0,0.0
0.6688042189729607,0.13157403027175307,1.0,0.0
0.6688042189729607,0.1349390287617074,1.0,0.0
0.6688042189729607,0.13830402725166174,1.0,0.0
0.6688042189729607,0.14166902574161605,1.0,0.0
0.6688042189729607,0.14503402423157039,1.0,0.0
0.6688042189729607,0.14839902272152472,1.0,0.0
0.6688042189729607,0.15176402121147903,1.0,0.0
0.6688042189729607,0.15512901970143336,1.0,0.0
0.6688042189729607,0.1584940181913877,1.0,0.0
0.6688042189729607,0.161859016681342,1.0,0.0
0.6688042189729607,0.16522401517129634,1.0,0.0
0.6688042189729607,0.16858901366125065,1.0,0.0
0.6688042189729607,0.17195401215120498,1.0,0.0
0.6688042189729607,0.17531901064115932,1.0,0.0
0.6688042189729607,0.17868400913111362,1.0,0.0
0.6688042189729607,0.18204900762106796,1.0,0.0
0.6688042189729607,0.18541400611102227,1.0,0.0
0.6688042189729607,0.1887790046009766,1.0,0.0
0.6688042189729607,0.19214400309093094,1.0,0.0
0.6688042189729607,0.19550900158088524,1.0,0.0
0.6688042189729607,0.19887400007083958,1.0,0.0
0.672169217462915,0.0642740604726666,1.0,0.0
0.672169217462915,0.06763905896262092,1.0,0.0
0.672169217462915,0.07100405745257524,1.0,0.0
0.672169217462915,0.07436905594252957,1.0,0.0
0.672169217462915,0.07773405443248389,1.0,0.0
0.672169217462915,0.08109905292243821,1.0,0.0
0.672169217462915,0.08446405141239255,1.0,0.0
0.672169217462915,0.08782904990234687,1.0,0.0
0.672169217462915,0.09119404839230119,1.0,0.0
0.672169217462915,0.09455904688225551,1.0,0.0
0.672169217462915,0.09792404537220983,1.0,0.0
0.672169217462915,0.10128904386216417,1.0,0.0
0.672169217462915,0.10465404235211849,1.0,0.0
0.672169217462915,0.10801904084207281,1.0,0.0
0.672169217462915,0.11138403933202715,1.0,0.0
0.672169217462915,0.11474903782198147,1.0,0.0
0.672169217462915,0.11811403631193579,1.0,0.0
0.672169217462915,0.12147903480189011,1.0,0.0
0.672169217462915,0.12484403329184443,1.0,0.0
0.672169217462915,0.12820903178179877,1.0,0.0
0.672169217462915,0.13157403027175307,1.0,0.0
0.672169217462915,0.1349390287617074,1.0,0.0
0.672169217462915,0.13830402725166174,1.0,0.0
0.672169217462915,0.14166902574161605,1.0,0.0
0.672169217462915,0.14503402423157039,1.0,0.0
0.672169217462915,0.14839902272152472,1.0,0.0
0.672169217462915,0.15176402121147903,1.0,0.0
0.672169217462915,0.15512901970143336,1.0,0.0
0.672169217462915,0.1584940181913877,1.0,0.0
0.672169217462915,0.161859016681342,1.0,0.0
0.672169217462915,0.16522401517129634,1.0,0.0
0.672169217462915,0.16858901366125065,1.0,0.0
0.672169217462915,0.17195401215120498,1.0,0.0
0.672169217462915,0.17531901064115932,1.0,0.0
0.672169217462915,0.17868400913111362,1.0,0.0
0.672169217462915,0.18204900762106796,1.0,0.0
0.672169217462915,0.18541400611102227,1.0,0.0
0.672169217462915,0.1887790046009766,1.0,0.0
0.672169217462915,0.19214400309093094,1.0,0.0
0.672169217462915,0.19550900158088524,1.0,0.0
0.672169217462915,0.19887400007083958,1.0,0.0
0.6755342159528694,0.0642740604726666,1.0,0.0
0.6755342159528694,0.06763905896262092,1.0,0.0
0.6755342159528694,0.07100405745257524,1.0,0.0
0.6755342159528694,0.07436905594252957,1.0,0.0
0.6755342159528694,0.07773405443248389,1.0,0.0
0.6755342159528694,0.08109905292243821,1.0,0.0
0.6755342159528694,0.08446405141239255,1.0,0.0
0.6755342159528694,0.08782904990234687,1.0,0.0
0.6755342159528694,0.09119404839230119,1.0,0.0
0.6755342159528694,0.09455904688225551,1.0,0.0
0.6755342159528694,0.09792404537220983,1.0,0.0
0.6755342159528694,0.10128904386216417,1.0,0.0
0.6755342159528694,0.10465404235211849,1.0,0.0
0.6755342159528694,0.10801904084207281,1.0,0.0
0.6755342159528694,0.11138403933202715,1.0,0.0
0.6755342159528694,0.11474903782198147,1.0,0.0
0.6755342159528694,0.11811403631193579,1.0,0.0
0.6755342159528694,0.12147903480189011,1.0,0.0
0.6755342159528694,0.12484403329184443,1.0,0.0
0.6755342159528694,0.12820903178179877,1.0,0.0
0.6755342159528694,0.13157403027175307,1.0,0.0
0.6755342159528694,0.1349390287617074,1.0,0.0
0.6755342159528694,0.13830402725166174,1.0,0.0
0.6755342159528694,0.14166902574161605,1.0,0.0
0.6755342159528694,0.14503402423157039,1.0,0.0
0.6755342159528694,0.14839902272152472,1.0,0.0
0.6755342159528694,0.15176402121147903,1.0,0.0
0.6755342159528694,0.15512901970143336,1.0,0.0
0.6755342159528694,0.1584940181913877,1.0,0.0
0.6755342159528694,0.161859016681342,1.0,0.0
0.6755342159528694,0.16522401517129634,1.0,0.0
0.6755342159528694,0.16858901366125065,1.0,0.0
0.6755342159528694,0.17195401215120498,1.0,0.0
0.6755342159528694,0.17531901064115932,1.0,0.0
0.6755342159528694,0.17868400913111362,1.0,0.0
0.6755342159528694,0.18204900762106796,1.0,0.0
0.6755342159528694,0.18541400611102227,1.0,0.0
0.6755342159528694,0.1887790046009766,1.0,0.0
0.6755342159528694,0.19214400309093094,1.0,0.0
0.6755342159528694,0.19550900158088524,1.0,0.0
0.6788992144428238,0.06763905896262092,1.0,0.0
0.6788992144428238,0.07100405745257524,1.0,0.0
0.6788992144428238,0.07436905594252957,1.0,0.0
0.6788992144428238,0.07773405443248389,1.0,0.0
0.6788992144428238,0.08109905292243821,1.0,0.0
0.6788992144428238,0.08446405141239255,1.0,0.0
0.6788992144428238,0.08782904990234687,1.0,0.0
0.6788992144428238,0.09119404839230119,1.0,0.0
0.6788992144428238,0.09455904688225551,1.0,0.0
0.6788992144428238,0.09792404537220983,1.0,0.0
0.6788992144428238,0.10128904386216417,1.0,0.0
0.6788992144428238,0.10465404235211849,1.0,0.0
0.6788992144428238,0.10801904084207281,1.0,0.0
0.6788992144428238,0.11138403933202715,1.0,0.0
0.6788992144428238,0.11474903782198147,1.0,0.0
0.6788992144428238,0.11811403631193579,1.0,0.0
0.6788992144428238,0.12147903480189011,1.0,0.0
0.6788992144428238,0.12484403329184443,1.0,0.0
0.6788992144428238,0.12820903178179877,1.0,0.0
0.6788992144428238,0.13157403027175307,1.0,0.0
0.6788992144428238,0.1349390287617074,1.0,0.0
0.6788992144428238,0.13830402725166174,1.0,0.0
0.6788992144428238,0.14166902574161605,1.0,0.0
0.6788992144428238,0.14503402423157039,1.0,0.0
0.6788992144428238,0.14839902272152472,1.0,0.0
0.6788992144428238,0.15176402121147903,1.0,0.0
0.6788992144428238,0.15512901970143336,1.0,0.0
0.6788992144428238,0.1584940181913877,1.0,0.0
0.6788992144428238,0.161859016681342,1.0,0.0
0.6788992144428238,0.16522401517129634,1.0,0.0
0.6788992144428238,0.16858901366125065,1.0,0.0
0.6788992144428238,0.17195401215120498,1.0,0.0
0.6788992144428238,0.17531901064115932,1.0,0.0
0.6788992144428238,0.17868400913111362,1.0,0.0
0.6788992144428238,0.18204900762106796,1.0,0.0
0.6788992144428238,0.18541400611102227,1.0,0.0
0.6788992144428238,0.1887790046009766,1.0,0.0
0.6788992144428238,0.19214400309093094,1.0,0.0
0.6788992144428238,0.19550900158088524,1.0,0.0
0.6788992144428238,0.20223899856079391,1.0,0.0
0.6788992144428238,0.20560399705074822,1.0,0.0
0.6788992144428238,0.20896899554070256,1.0,0.0
0.6822642129327781,0.06763905896262092,1.0,0.0
0.6822642129327781,0.07100405745257524,1.0,0.0
0.6822642129327781,0.07436905594252957,1.0,0.0
0.6822642129327781,0.07773405443248389,1.0,0.0
0.6822642129327781,0.08109905292243821,1.0,0.0
0.6822642129327781,0.08446405141239255,1.0,0.0
0.6822642129327781,0.08782904990234687,1.0,0.0
0.6822642129327781,0.09119404839230119,1.0,0.0
0.6822642129327781,0.09455904688225551,1.0,0.0
0.6822642129327781,0.09792404537220983,1.0,0.0
0.6822642129327781,0.10128904386216417,1.0,0.0
0.6822642129327781,0.10465404235211849,1.0,0.0
0.6822642129327781,0.10801904084207281,1.0,0.0
0.6822642129327781,0.11138403933202715,1.0,0.0
0.6822642129327781,0.11474903782198147,1.0,0.0
0.6822642129327781,0.11811403631193579,1.0,0.0
0.6822642129327781,0.12147903480189011,1.0,0.0
0.6822642129327781,0.12484403329184443,1.0,0.0
0.6822642129327781,0.12820903178179877,1.0,0.0
0.6822642129327781,0.13157403027175307,1.0,0.0
0.6822642129327781,0.1349390287617074,1.0,0.0
0.6822642129327781,0.13830402725166174,1.0,0.0
0.6822642129327781,0.14166902574161605,1.0,0.0
0.6822642129327781,0.14503402423157039,1.0,0.0
0.6822642129327781,0.14839902272152472,1.0,0.0
0.6822642129327781,0.15176402121147903,1.0,0.0
0.6822642129327781,0.15512901970143336,1.0,0.0
0.6822642129327781,0.1584940181913877,1.0,0.0
0.6822642129327781,0.161859016681342,1.0,0.0
0.6822642129327781,0.16522401517129634,1.0,0.0
0.6822642129327781,0.16858901366125065,1.0,0.0
0.6822642129327781,0.17195401215120498,1.0,0.0
0.6822642129327781,0.17531901064115932,1.0,0.0
0.6822642129327781,0.17868400913111362,1.0,0.0
0.6822642129327781,0.18204900762106796,1.0,0.0
0.6822642129327781,0.18541400611102227,1.0,0.0
0.6822642129327781,0.1887790046009766,1.0,0.0
0.6822642129327781,0.19214400309093094,1.0,0.0
0.6822642129327781,0.19550900158088524,1.0,0.0
0.6822642129327781,0.19887400007083958,1.0,0.0
0.6822642129327781,0.20223899856079391,1.0,0.0
0.6822642129327781,0.20560399705074822,1.0,0.0
0.6822642129327781,0.20896899554070256,1.0,0.0
0.6856292114227324,0.06763905896262092,1.0,0.0
0.6856292114227324,0.07100405745257524,1.0,0.0
0.6856292114227324,0.07436905594252957,1.0,0.0
0.6856292114227324,0.07773405443248389,1.0,0.0
0.6856292114227324,0.08109905292243821,1.0,0.0
0.6856292114227324,0.08446405141239255,1.0,0.0
0.6856292114227324,0.08782904990234687,1.0,0.0
0.6856292114227324,0.09119404839230119,1.0,0.0
0.6856292114227324,0.09455904688225551,1.0,0.0
0.6856292114227324,0.09792404537220983,1.0,0.0
0.6856292114227324,0.10128904386216417,1.0,0.0
0.6856292114227324,0.10465404235211849,1.0,0.0
0.6856292114227324,0.10801904084207281,1.0,0.0
0.6856292114227324,0.11138403933202715,1.0,0.0
0.6856292114227324,0.11474903782198147,1.0,0.0
0.6856292114227324,0.11811403631193579,1.0,0.0
0.6856292114227324,0.12147903480189011,1.0,0.0
0.6856292114227324,0.12484403329184443,1.0,0.0
0.6856292114227324,0.12820903178179877,1.0,0.0
0.6856292114227324,0.13157403027175307,1.0,0.0
0.6856292114227324,0.1349390287617074,1.0,0.0
0.6856292114227324,0.13830402725166174,1.0,0.0
0.6856292114227324,0.14166902574161605,1.0,0.0
0.6856292114227324,0.14503402423157039,1.0,0.0
0.6856292114227324,0.14839902272152472,1.0,0.0
0.6856292114227324,0.15176402121147903,1.0,0.0
0.6856292114227324,0.15512901970143336,1.0,0.0
0.6856292114227324,0.1584940181913877,1.0,0.0
0.6856292114227324,0.161859016681342,1.0,0.0
0.6856292114227324,0.16522401517129634,1.0,0.0
0.6856292114227324,0.16858901366125065,1.0,0.0
0.6856292114227324,0.17195401215120498,1.0,0.0
0.6856292114227324,0.17531901064115932,1.0,0.0
0.6856292114227324,0.17868400913111362,1.0,0.0
0.6856292114227324,0.18204900762106796,1.0,0.0
0.6856292114227324,0.18541400611102227,1.0,0.0
0.6856292114227324,0.1887790046009766,1.0,0.0
0.6856292114227324,0.19214400309093094,1.0,0.0
0.6856292114227324,0.19887400007083958,1.0,0.0
0.6856292114227324,0.20223899856079391,1.0,0.0
0.6856292114227324,0.20560399705074822,1.0,0.0
0.6856292114227324,0.20896899554070256,1.0,0.0
0.6856292114227324,0.2123339940306569,1.0,0.0
0.6889942099126867,0.06763905896262092,1.0,0.0
0.6889942099126867,0.07100405745257524,1.0,0.0
0.6889942099126867,0.07436905594252957,1.0,0.0
0.6889942099126867,0.07773405443248389,1.0,0.0
0.6889942099126867,0.08109905292243821,1.0,0.0
0.6889942099126867,0.08446405141239255,1.0,0.0
0.6889942099126867,0.08782904990234687,1.0,0.0
0.6889942099126867,0.09119404839230119,1.0,0.0
0.6889942099126867,0.09455904688225551,1.0,0.0
0.6889942099126867,0.09792404537220983,1.0,0.0
0.6889942099126867,0.10128904386216417,1.0,0.0
0.6889942099126867,0.10465404235211849,1.0,0.0
0.6889942099126867,0.10801904084207281,1.0,0.0
0.6889942099126867,0.11138403933202715,1.0,0.0
0.6889942099126867,0.11474903782198147,1.0,0.0
0.6889942099126867,0.11811403631193579,1.0,0.0
0.6889942099126867,0.12147903480189011,1.0,0.0
0.6889942099126867,0.12484403329184443,1.0,0.0
0.6889942099126867,0.12820903178179877,1.0,0.0
0.6889942099126867,0.13157403027175307,1.0,0.0
0.6889942099126867,0.1349390287617074,1.0,0.0
0.6889942099126867,0.13830402725166174,1.0,0.0
0.6889942099126867,0.14166902574161605,1.0,0.0
0.6889942099126867,0.14503402423157039,1.0,0.0
0.6889942099126867,0.14839902272152472,1.0,0.0
0.6889942099126867,0.15176402121147903,1.0,0.0
0.6889942099126867,0.15512901970143336,1.0,0.0
0.6889942099126867,0.1584940181913877,1.0,0.0
0.6889942099126867,0.161859016681342,1.0,0.0
0.6889942099126867,0.16522401517129634,1.0,0.0
0.6889942099126867,0.16858901366125065,1.0,0.0
0.6889942099126867,0.17195401215120498,1.0,0.0
0.6889942099126867,0.17531901064115932,1.0,0.0
0.6889942099126867,0.17868400913111362,1.0,0.0
0.6889942099126867,0.18204900762106796,1.0,0.0
0.6889942099126867,0.18541400611102227,1.0,0.0
0.6889942099126867,0.1887790046009766,1.0,0.0
0.6889942099126867,0.19550900158088524,1.0,0.0
0.6889942099126867,0.19887400007083958,1.0,0.0
0.6889942099126867,0.20223899856079391,1.0,0.0
0.6889942099126867,0.20560399705074822,1.0,0.0
0.6889942099126867,0.20896899554070256,1.0,0.0
0.6889942099126867,0.2123339940306569,1.0,0.0
0.6923592084026411,0.06763905896262092,1.0,0.0
0.6923592084026411,0.07100405745257524,1.0,0.0
0.6923592084026411,0.07436905594252957,1.0,0.0
0.6923592084026411,0.07773405443248389,1.0,0.0
0.6923592084026411,0.08109905292243821,1.0,0.0
0.6923592084026411,0.08446405141239255,1.0,0.0
0.6923592084026411,0.08782904990234687,1.0,0.0
0.6923592084026411,0.09119404839230119,1.0,0.0
0.6923592084026411,0.09455904688225551,1.0,0.0
0.6923592084026411,0.09792404537220983,1.0,0.0
0.6923592084026411,0.10128904386216417,1.0,0.0
0.6923592084026411,0.10465404235211849,1.0,0.0
0.6923592084026411,0.10801904084207281,1.0,0.0
0.6923592084026411,0.11138403933202715,1.0,0.0
0.6923592084026411,0.11474903782198147,1.0,0.0
0.6923592084026411,0.11811403631193579,1.0,0.0
0.6923592084026411,0.12147903480189011,1.0,0.0
0.6923592084026411,0.12484403329184443,1.0,0.0
0.6923592084026411,0.12820903178179877,1.0,0.0
0.6923592084026411,0.13157403027175307,1.0,0.0
0.6923592084026411,0.1349390287617074,1.0,0.0
0.6923592084026411,0.13830402725166174,1.0,0.0
0.6923592084026411,0.14166902574161605,1.0,0.0
0.6923592084026411,0.14503402423157039,1.0,0.0
0.6923592084026411,0.14839902272152472,1.0,0.0
0.6923592084026411,0.15176402121147903,1.0,0.0
0.6923592084026411,0.15512901970143336,1.0,0.0
0.6923592084026411,0.1584940181913877,1.0,0.0
0.6923592084026411,0.161859016681342,1.0,0.0
0.6923592084026411,0.16522401517129634,1.0,0.0
0.6923592084026411,0.16858901366125065,1.0,0.0
0.6923592084026411,0.17195401215120498,1.0,0.0
0.6923592084026411,0.17531901064115932,1.0,0.0
0.6923592084026411,0.17868400913111362,1.0,0.0
0.6923592084026411,0.18204900762106796,1.0,0.0
0.6923592084026411,0.18541400611102227,1.0,0.0
0.6923592084026411,0.1887790046009766,1.0,0.0
0.6923592084026411,0.19550900158088524,1.0,0.0
0.6923592084026411,0.19887400007083958,1.0,0.0
0.6923592084026411,0.20223899856079391,1.0,0.0
0.6923592084026411,0.20560399705074822,1.0,0.0
0.6923592084026411,0.20896899554070256,1.0,0.0
0.6923592084026411,0.2123339940306569,1.0,0.0
0.6957242068925954,0.06763905896262092,1.0,0.0
0.6957242068925954,0.07100405745257524,1.0,0.0
0.6957242068925954,0.07436905594252957,1.0,0.0
0.6957242068925954,0.07773405443248389,1.0,0.0
0.6957242068925954,0.08109905292243821,1.0,0.0
0.6957242068925954,0.08446405141239255,1.0,0.0
0.6957242068925954,0.08782904990234687,1.0,0.0
0.6957242068925954,0.09119404839230119,1.0,0.0
0.6957242068925954,0.09455904688225551,1.0,0.0
0.6957242068925954,0.09792404537220983,1.0,0.0
0.6957242068925954,0.10128904386216417,1.0,0.0
0.6957242068925954,0.10465404235211849,1.0,0.0
0.6957242068925954,0.10801904084207281,1.0,0.0
0.6957242068925954,0.11138403933202715,1.0,0.0
0.6957242068925954,0.11474903782198147,1.0,0.0
0.6957242068925954,0.11811403631193579,1.0,0.0
0.6957242068925954,0.12147903480189011,1.0,0.0
0.6957242068925954,0.12484403329184443,1.0,0.0
0.6957242068925954,0.12820903178179877,1.0,0.0
0.6957242068925954,0.13157403027175307,1.0,0.0
0.6957242068925954,0.1349390287617074,1.0,0.0
0.6957242068925954,0.13830402725166174,1.0,0.0
0.6957242068925954,0.14166902574161605,1.0,0.0
0.6957242068925954,0.14503402423157039,1.0,0.0
0.6957242068925954,0.14839902272152472,1.0,0.0
0.6957242068925954,0.15176402121147903,1.0,0.0
0.6957242068925954,0.15512901970143336,1.0,0.0
0.6957242068925954,0.1584940181913877,1.0,0.0
0.6957242068925954,0.161859016681342,1.0,0.0
0.6957242068925954,0.16522401517129634,1.0,0.0
0.6957242068925954,0.16858901366125065,1.0,0.0
0.6957242068925954,0.17195401215120498,1.0,0.0
0.6957242068925954,0.17531901064115932,1.0,0.0
0.6957242068925954,0.17868400913111362,1.0,0.0
0.6957242068925954,0.18204900762106796,1.0,0.0
0.6957242068925954,0.18541400611102227,1.0,0.0
0.6957242068925954,0.19214400309093094,1.0,0.0
0.6957242068925954,0.19550900158088524,1.0,0.0
0.6957242068925954,0.19887400007083958,1.0,0.0
0.6957242068925954,0.20223899856079391,1.0,0.0
0.6957242068925954,0.20560399705074822,1.0,0.0
0.6957242068925954,0.20896899554070256,1.0,0.0
0.6957242068925954,0.2123339940306569,1.0,0.0
0.6990892053825497,0.07100405745257524,1.0,0.0
0.6990892053825497,0.07436905594252957,1.0,0.0
0.6990892053825497,0.07773405443248389,1.0,0.0
0.6990892053825497,0.08109905292243821,1.0,0.0
0.6990892053825497,0.08446405141239255,1.0,0.0
0.6990892053825497,0.08782904990234687,1.0,0.0
0.6990892053825497,0.09119404839230119,1.0,0.0
0.6990892053825497,0.09455904688225551,1.0,0.0
0.6990892053825497,0.09792404537220983,1.0,0.0
0.6990892053825497,0.10128904386216417,1.0,0.0
0.6990892053825497,0.10465404235211849,1.0,0.0
0.6990892053825497,0.10801904084207281,1.0,0.0
0.6990892053825497,0.11138403933202715,1.0,0.0
0.6990892053825497,0.11474903782198147,1.0,0.0
0.6990892053825497,0.11811403631193579,1.0,0.0
0.6990892053825497,0.12147903480189011,1.0,0.0
0.6990892053825497,0.12484403329184443,1.0,0.0
0.6990892053825497,0.12820903178179877,1.0,0.0
0.6990892053825497,0.13157403027175307,1.0,0.0
0.6990892053825497,0.1349390287617074,1.0,0.0
0.6990892053825497,0.13830402725166174,1.0,0.0
0.6990892053825497,0.14166902574161605,1.0,0.0
0.6990892053825497,0.14503402423157039,1.0,0.0
0.6990892053825497,0.14839902272152472,1.0,0.0
0.6990892053825497,0.15176402121147903,1.0,0.0
0.6990892053825497,0.15512901970143336,1.0,0.0
0.6990892053825497,0.1584940181913877,1.0,0.0
0.6990892053825497,0.161859016681342,1.0,0.0
0.6990892053825497,0.16522401517129634,1.0,0.0
0.6990892053825497,0.16858901366125065,1.0,0.0
0.6990892053825497,0.17195401215120498,1.0,0.0
0.6990892053825497,0.17531901064115932,1.0,0.0
0.6990892053825497,0.17868400913111362,1.0,0.0
0.6990892053825497,0.18204900762106796,1.0,0.0
0.6990892053825497,0.1887790046009766,1.0,0.0
0.6990892053825497,0.19214400309093094,1.0,0.0
0.6990892053825497,0.19550900158088524,1.0,0.0
0.6990892053825497,0.19887400007083958,1.0,0.0
0.6990892053825497,0.20223899856079391,1.0,0.0
0.6990892053825497,0.20560399705074822,1.0,0.0
0.6990892053825497,0.20896899554070256,1.0,0.0
0.702454203872504,0.07100405745257524,1.0,0.0
0.702454203872504,0.07436905594252957,1.0,0.0
0.702454203872504,0.07773405443248389,1.0,0.0
0.702454203872504,0.08109905292243821,1.0,0.0
0.702454203872504,0.08446405141239255,1.0,0.0
0.702454203872504,0.08782904990234687,1.0,0.0
0.702454203872504,0.09119404839230119,1.0,0.0
0.702454203872504,0.09455904688225551,1.0,0.0
0.702454203872504,0.09792404537220983,1.0,0.0
0.702454203872504,0.10128904386216417,1.0,0.0
0.702454203872504,0.10465404235211849,1.0,0.0
0.702454203872504,0.10801904084207281,1.0,0.0
0.702454203872504,0.11138403933202715,1.0,0.0
0.702454203872504,0.11474903782198147,1.0,0.0
0.702454203872504,0.11811403631193579,1.0,0.0
0.702454203872504,0.12147903480189011,1.0,0.0
0.702454203872504,0.12484403329184443,1.0,0.0
0.702454203872504,0.12820903178179877,1.0,0.0
0.702454203872504,0.13157403027175307,1.0,0.0
0.702454203872504,0.1349390287617074,1.0,0.0
0.702454203872504,0.13830402725166174,1.0,0.0
0.702454203872504,0.14166902574161605,1.0,0.0
0.702454203872504,0.14503402423157039,1.0,0.0
0.702454203872504,0.14839902272152472,1.0,0.0
0.702454203872504,0.15176402121147903,1.0,0.0
0.702454203872504,0.15512901970143336,1.0,0.0
0.702454203872504,0.1584940181913877,1.0,0.0
0.702454203872504,0.161859016681342,1.0,0.0
0.702454203872504,0.16522401517129634,1.0,0.0
0.702454203872504,0.16858901366125065,1.0,0.0
0.702454203872504,0.17195401215120498,1.0,0.0
0.702454203872504,0.17531901064115932,1.0,0.0
0.702454203872504,0.17868400913111362,1.0,0.0
0.702454203872504,0.18204900762106796,1.0,0.0
0.702454203872504,0.18541400611102227,1.0,0.0
0.702454203872504,0.1887790046009766,1.0,0.0
0.702454203872504,0.19214400309093094,1.0,0.0
0.702454203872504,0.19550900158088524,1.0,0.0
0.702454203872504,0.19887400007083958,1.0,0.0
0.702454203872504,0.20223899856079391,1.0,0.0
0.702454203872504,0.20560399705074822,1.0,0.0
0.702454203872504,0.20896899554070256,1.0,0.0
0.7058192023624583,0.07100405745257524,1.0,0.0
0.7058192023624583,0.07436905594252957,1.0,0.0
0.7058192023624583,0.07773405443248389,1.0,0.0
0.7058192023624583,0.08109905292243821,1.0,0.0
0.7058192023624583,0.08446405141239255,1.0,0.0
0.7058192023624583,0.08782904990234687,1.0,0.0
0.7058192023624583,0.09119404839230119,1.0,0.0
0.7058192023624583,0.09455904688225551,1.0,0.0
0.7058192023624583,0.09792404537220983,1.0,0.0
0.7058192023624583,0.10128904386216417,1.0,0.0
0.7058192023624583,0.10465404235211849,1.0,0.0
0.7058192023624583,0.10801904084207281,1.0,0.0
0.7058192023624583,0.11138403933202715,1.0,0.0
0.7058192023624583,0.11474903782198147,1.0,0.0
0.7058192023624583,0.11811403631193579,1.0,0.0
0.7058192023624583,0.12147903480189011,1.0,0.0
0.7058192023624583,0.12484403329184443,1.0,0.0
0.7058192023624583,0.12820903178179877,1.0,0.0
0.7058192023624583,0.13157403027175307,1.0,0.0
0.7058192023624583,0.1349390287617074,1.0,0.0
0.7058192023624583,0.13830402725166174,1.0,0.0
0.7058192023624583,0.14166902574161605,1.0,0.0
0.7058192023624583,0.14503402423157039,1.0,0.0
0.7058192023624583,0.14839902272152472,1.0,0.0
0.7058192023624583,0.15176402121147903,1.0,0.0
0.7058192023624583,0.15512901970143336,1.0,0.0
0.7058192023624583,0.1584940181913877,1.0,0.0
0.7058192023624583,0.161859016681342,1.0,0.0
0.7058192023624583,0.16522401517129634,1.0,0.0
0.7058192023624583,0.16858901366125065,1.0,0.0
0.7058192023624583,0.17195401215120498,1.0,0.0
0.7058192023624583,0.17531901064115932,1.0,0.0
0.7058192023624583,0.17868400913111362,1.0,0.0
0.7058192023624583,0.18204900762106796,1.0,0.0
0.7058192023624583,0.18541400611102227,1.0,0.0
0.7058192023624583,0.1887790046009766,1.0,0.0
0.7058192023624583,0.19214400309093094,1.0,0.0
0.7058192023624583,0.19550900158088524,1.0,0.0
0.7058192023624583,0.19887400007083958,1.0,0.0
0.7058192023624583,0.20223899856079391,1.0,0.0
0.7058192023624583,0.20560399705074822,1.0,0.0
0.7058192023624583,0.20896899554070256,1.0,0.0
0.7058192023624583,0.2123339940306569,1.0,0.0
0.7058192023624583,0.2156989925206112,1.0,0.0
0.7091842008524127,0.07100405745257524,1.0,0.0
0.7091842008524127,0.07436905594252957,1.0,0.0
0.7091842008524127,0.07773405443248389,1.0,0.0
0.7091842008524127,0.08109905292243821,1.0,0.0
0.7091842008524127,0.08446405141239255,1.0,0.0
0.7091842008524127,0.08782904990234687,1.0,0.0
0.7091842008524127,0.09119404839230119,1.0,0.0
0.7091842008524127,0.09455904688225551,1.0,0.0
0.7091842008524127,0.09792404537220983,1.0,0.0
0.7091842008524127,0.10128904386216417,1.0,0.0
0.7091842008524127,0.10465404235211849,1.0,0.0
0.7091842008524127,0.10801904084207281,1.0,0.0
0.7091842008524127,0.11138403933202715,1.0,0.0
0.7091842008524127,0.11474903782198147,1.0,0.0
0.7091842008524127,0.11811403631193579,1.0,0.0
0.7091842008524127,0.12147903480189011,1.0,0.0
0.7091842008524127,0.12484403329184443,1.0,0.0
0.7091842008524127,0.12820903178179877,1.0,0.0
0.7091842008524127,0.13157403027175307,1.0,0.0
0.7091842008524127,0.1349390287617074,1.0,0.0
0.7091842008524127,0.13830402725166174,1.0,0.0
0.7091842008524127,0.14166902574161605,1.0,0.0
0.7091842008524127,0.14503402423157039,1.0,0.0
0.7091842008524127,0.14839902272152472,1.0,0.0
0.7091842008524127,0.15176402121147903,1.0,0.0
0.7091842008524127,0.15512901970143336,1.0,0.0
0.7091842008524127,0.1584940181913877,1.0,0.0
0.7091842008524127,0.161859016681342,1.0,0.0
0.7091842008524127,0.16522401517129634,1.0,0.0
0.7091842008524127,0.16858901366125065,1.0,0.0
0.7091842008524127,0.17195401215120498,1.0,0.0
0.7091842008524127,0.17531901064115932,1.0,0.0
0.7091842008524127,0.17868400913111362,1.0,0.0
0.7091842008524127,0.18204900762106796,1.0,0.0
0.7091842008524127,0.18541400611102227,1.0,0.0
0.7091842008524127,0.1887790046009766,1.0,0.0
0.7091842008524127,0.19214400309093094,1.0,0.0
0.7091842008524127,0.19550900158088524,1.0,0.0
0.7091842008524127,0.19887400007083958,1.0,0.0
0.7091842008524127,0.20223899856079391,1.0,0.0
0.7091842008524127,0.20560399705074822,1.0,0.0
0.7091842008524127,0.20896899554070256,1.0,0.0
0.7091842008524127,0.2123339940306569,1.0,0.0
0.7091842008524127,0.2156989925206112,1.0,0.0
0.7091842008524127,0.21906399101056553,1.0,0.0
0.712549199342367,0.07100405745257524,1.0,0.0
0.712549199342367,0.07436905594252957,1.0,0.0
0.712549199342367,0.07773405443248389,1.0,0.0
0.712549199342367,0.08109905292243821,1.0,0.0
0.712549199342367,0.08446405141239255,1.0,0.0
0.712549199342367,0.08782904990234687,1.0,0.0
0.712549199342367,0.09119404839230119,1.0,0.0
0.712549199342367,0.09455904688225551,1.0,0.0
0.712549199342367,0.09792404537220983,1.0,0.0
0.712549199342367,0.10128904386216417,1.0,0.0
0.712549199342367,0.10465404235211849,1.0,0.0
0.712549199342367,0.10801904084207281,1.0,0.0
0.712549199342367,0.11138403933202715,1.0,0.0
0.712549199342367,0.11474903782198147,1.0,0.0
0.712549199342367,0.11811403631193579,1.0,0.0
0.712549199342367,0.12147903480189011,1.0,0.0
0.712549199342367,0.12484403329184443,1.0,0.0
0.712549199342367,0.12820903178179877,1.0,0.0
0.712549199342367,0.13157403027175307,1.0,0.0
0.712549199342367,0.1349390287617074,1.0,0.0
0.712549199342367,0.13830402725166174,1.0,0.0
0.712549199342367,0.14166902574161605,1.0,0.0
0.712549199342367,0.14503402423157039,1.0,0.0
0.712549199342367,0.14839902272152472,1.0,0.0
0.712549199342367,0.15176402121147903,1.0,0.0
0.712549199342367,0.15512901970143336,1.0,0.0
0.712549199342367,0.1584940181913877,1.0,0.0
0.712549199342367,0.161859016681342,1.0,0.0
0.712549199342367,0.16522401517129634,1.0,0.0
0.712549199342367,0.16858901366125065,1.0,0.0
0.712549199342367,0.17195401215120498,1.0,0.0
0.712549199342367,0.17531901064115932,1.0,0.0
0.712549199342367,0.17868400913111362,1.0,0.0
0.712549199342367,0.18204900762106796,1.0,0.0
0.712549199342367,0.18541400611102227,1.0,0.0
0.712549199342367,0.1887790046009766,1.0,0.0
0.712549199342367,0.19214400309093094,1.0,0.0
0.712549199342367,0.19550900158088524,1.0,0.0
0.712549199342367,0.19887400007083958,1.0,0.0
0.712549199342367,0.20223899856079391,1.0,0.0
0.712549199342367,0.20560399705074822,1.0,0.0
0.712549199342367,0.20896899554070256,1.0,0.0
0.712549199342367,0.2123339940306569,1.0,0.0
0.712549199342367,0.2156989925206112,1.0,0.0
0.712549199342367,0.21906399101056553,1.0,0.0
0.7159141978323214,0.07100405745257524,1.0,0.0
0.7159141978323214,0.07436905594252957,1.0,0.0
0.7159141978323214,0.07773405443248389,1.0,0.0
0.7159141978323214,0.08109905292243821,1.0,0.0
0.7159141978323214,0.08446405141239255,1.0,0.0
0.7159141978323214,0.08782904990234687,1.0,0.0
0.7159141978323214,0.09119404839230119,1.0,0.0
0.7159141978323214,0.09455904688225551,1.0,0.0
0.7159141978323214,0.09792404537220983,1.0,0.0
0.7159141978323214,0.10128904386216417,1.0,0.0
0.7159141978323214,0.10465404235211849,1.0,0.0
0.7159141978323214,0.10801904084207281,1.0,0.0
0.7159141978323214,0.11138403933202715,1.0,0.0
0.7159141978323214,0.11474903782198147,1.0,0.0
0.7159141978323214,0.11811403631193579,1.0,0.0
0.7159141978323214,0.12147903480189011,1.0,0.0
0.7159141978323214,0.12484403329184443,1.0,0.0
0.7159141978323214,0.12820903178179877,1.0,0.0
0.7159141978323214,0.13157403027175307,1.0,0.0
0.7159141978323214,0.1349390287617074,1.0,0.0
0.7159141978323214,0.13830402725166174,1.0,0.0
0.7159141978323214,0.14166902574161605,1.0,0.0
0.7159141978323214,0.14503402423157039,1.0,0.0
0.7159141978323214,0.14839902272152472,1.0,0.0
0.7159141978323214,0.15176402121147903,1.0,0.0
0.7159141978323214,0.15512901970143336,1.0,0.0
0.7159141978323214,0.1584940181913877,1.0,0.0
0.7159141978323214,0.161859016681342,1.0,0.0
0.7159141978323214,0.16522401517129634,1.0,0.0
0.7159141978323214,0.16858901366125065,1.0,0.0
0.7159141978323214,0.17195401215120498,1.0,0.0
0.7159141978323214,0.17868400913111362,1.0,0.0
0.7159141978323214,0.18204900762106796,1.0,0.0
0.7159141978323214,0.18541400611102227,1.0,0.0
0.7159141978323214,0.1887790046009766,1.0,0.0
0.7159141978323214,0.19214400309093094,1.0,0.0
0.7159141978323214,0.19550900158088524,1.0,0.0
0.7159141978323214,0.19887400007083958,1.0,0.0
0.7159141978323214,0.20223899856079391,1.0,0.0
0.7159141978323214,0.20560399705074822,1.0,0.0
0.7159141978323214,0.20896899554070256,1.0,0.0
0.7159141978323214,0.2123339940306569,1.0,0.0
0.7159141978323214,0.2156989925206112,1.0,0.0
0.7159141978323214,0.21906399101056553,1.0,0.0
0.7159141978323214,0.22242898950051984,1.0,0.0
0.7192791963222757,0.07100405745257524,1.0,0.0
0.7192791963222757,0.07436905594252957,1.0,0.0
0.7192791963222757,0.07773405443248389,1.0,0.0
0.7192791963222757,0.08109905292243821,1.0,0.0
0.7192791963222757,0.08446405141239255,1.0,0.0
0.7192791963222757,0.08782904990234687,1.0,0.0
0.7192791963222757,0.09119404839230119,1.0,0.0
0.7192791963222757,0.09455904688225551,1.0,0.0
0.7192791963222757,0.09792404537220983,1.0,0.0
0.7192791963222757,0.10128904386216417,1.0,0.0
0.7192791963222757,0.10465404235211849,1.0,0.0
0.7192791963222757,0.10801904084207281,1.0,0.0
0.7192791963222757,0.11138403933202715,1.0,0.0
0.7192791963222757,0.11474903782198147,1.0,0.0
0.7192791963222757,0.11811403631193579,1.0,0.0
0.7192791963222757,0.12147903480189011,1.0,0.0
0.7192791963222757,0.12484403329184443,1.0,0.0
0.7192791963222757,0.12820903178179877,1.0,0.0
0.7192791963222757,0.13157403027175307,1.0,0.0
0.7192791963222757,0.1349390287617074,1.0,0.0
0.7192791963222757,0.13830402725166174,1.0,0.0
0.7192791963222757,0.14166902574161605,1.0,0.0
0.7192791963222757,0.14503402423157039,1.0,0.0
0.7192791963222757,0.14839902272152472,1.0,0.0
0.7192791963222757,0.15176402121147903,1.0,0.0
0.7192791963222757,0.15512901970143336,1.0,0.0
0.7192791963222757,0.1584940181913877,1.0,0.0
0.7192791963222757,0.161859016681342,1.0,0.0
0.7192791963222757,0.16522401517129634,1.0,0.0
0.7192791963222757,0.16858901366125065,1.0,0.0
0.7192791963222757,0.17195401215120498,1.0,0.0
0.7192791963222757,0.17868400913111362,1.0,0.0
0.7192791963222757,0.18204900762106796,1.0,0.0
0.7192791963222757,0.18541400611102227,1.0,0.0
0.7192791963222757,0.1887790046009766,1.0,0.0
0.7192791963222757,0.19214400309093094,1.0,0.0
0.7192791963222757,0.19550900158088524,1.0,0.0
0.7192791963222757,0.19887400007083958,1.0,0.0
0.7192791963222757,0.20223899856079391,1.0,0.0
0.7192791963222757,0.20560399705074822,1.0,0.0
0.7192791963222757,0.20896899554070256,1.0,0.0
0.7192791963222757,0.2123339940306569,1.0,0.0
0.7192791963222757,0.2156989925206112,1.0,0.0
0.7192791963222757,0.21906399101056553,1.0,0.0
0.7192791963222757,0.22242898950051984,1.0,0.0
0.72264419481223,0.07436905594252957,1.0,0.0
0.72264419481223,0.07773405443248389,1.0,0.0
0.72264419481223,0.08109905292243821,1.0,0.0
0.72264419481223,0.08446405141239255,1.0,0.0
0.72264419481223,0.08782904990234687,1.0,0.0
0.72264419481223,0.09119404839230119,1.0,0.0
0.72264419481223,0.09455904688225551,1.0,0.0
0.72264419481223,0.09792404537220983,1.0,0.0
0.72264419481223,0.10128904386216417,1.0,0.0
0.72264419481223,0.10465404235211849,1.0,0.0
0.72264419481223,0.10801904084207281,1.0,0.0
0.72264419481223,0.11138403933202715,1.0,0.0
0.72264419481223,0.11474903782198147,1.0,0.0
0.72264419481223,0.11811403631193579,1.0,0.0
0.72264419481223,0.12147903480189011,1.0,0.0
0.72264419481223,0.12484403329184443,1.0,0.0
0.72264419481223,0.12820903178179877,1.0,0.0
0.72264419481223,0.13157403027175307,1.0,0.0
0.72264419481223,0.1349390287617074,1.0,0.0
0.72264419481223,0.13830402725166174,1.0,0.0
0.72264419481223,0.14166902574161605,1.0,0.0
0.72264419481223,0.14503402423157039,1.0,0.0
0.72264419481223,0.14839902272152472,1.0,0.0
0.72264419481223,0.15176402121147903,1.0,0.0
0.72264419481223,0.15512901970143336,1.0,0.0
0.72264419481223,0.1584940181913877,1.0,0.0
0.72264419481223,0.161859016681342,1.0,0.0
0.72264419481223,0.16522401517129634,1.0,0.0
0.72264419481223,0.16858901366125065,1.0,0.0
0.72264419481223,0.17868400913111362,1.0,0.0
0.72264419481223,0.18204900762106796,1.0,0.0
0.72264419481223,0.18541400611102227,1.0,0.0
0.72264419481223,0.1887790046009766,1.0,0.0
0.72264419481223,0.19214400309093094,1.0,0.0
0.72264419481223,0.19550900158088524,1.0,0.0
0.72264419481223,0.19887400007083958,1.0,0.0
0.72264419481223,0.20223899856079391,1.0,0.0
0.72264419481223,0.20560399705074822,1.0,0.0
0.72264419481223,0.20896899554070256,1.0,0.0
0.72264419481223,0.2123339940306569,1.0,0.0
0.72264419481223,0.2156989925206112,1.0,0.0
0.72264419481223,0.21906399101056553,1.0,0.0
0.72264419481223,0.22242898950051984,1.0,0.0
0.72264419481223,0.22579398799047418,1.0,0.0
0.7260091933021844,0.07436905594252957,1.0,0.0
0.7260091933021844,0.07773405443248389,1.0,0.0
0.7260091933021844,0.08109905292243821,1.0,0.0
0.7260091933021844,0.08446405141239255,1.0,0.0
0.7260091933021844,0.08782904990234687,1.0,0.0
0.7260091933021844,0.09119404839230119,1.0,0.0
0.7260091933021844,0.09455904688225551,1.0,0.0
0.7260091933021844,0.09792404537220983,1.0,0.0
0.7260091933021844,0.10128904386216417,1.0,0.0
0.7260091933021844,0.10465404235211849,1.0,0.0
0.7260091933021844,0.10801904084207281,1.0,0.0
0.7260091933021844,0.11138403933202715,1.0,0.0
0.7260091933021844,0.11474903782198147,1.0,0.0
0.7260091933021844,0.11811403631193579,1.0,0.0
0.7260091933021844,0.12147903480189011,1.0,0.0
0.7260091933021844,0.12484403329184443,1.0,0.0
0.7260091933021844,0.12820903178179877,1.0,0.0
0.7260091933021844,0.13157403027175307,1.0,0.0
0.7260091933021844,0.1349390287617074,1.0,0.0
0.7260091933021844,0.13830402725166174,1.0,0.0
0.7260091933021844,0.14166902574161605,1.0,0.0
0.7260091933021844,0.14503402423157039,1.0,0.0
0.7260091933021844,0.14839902272152472,1.0,0.0
0.7260091933021844,0.15176402121147903,1.0,0.0
0.7260091933021844,0.15512901970143336,1.0,0.0
0.7260091933021844,0.1584940181913877,1.0,0.0
0.7260091933021844,0.161859016681342,1.0,0.0
0.7260091933021844,0.16522401517129634,1.0,0.0
0.7260091933021844,0.17531901064115932,1.0,0.0
0.7260091933021844,0.17868400913111362,1.0,0.0
0.7260091933021844,0.18204900762106796,1.0,0.0
0.7260091933021844,0.18541400611102227,1.0,0.0
0.7260091933021844,0.1887790046009766,1.0,0.0
0.7260091933021844,0.19214400309093094,1.0,0.0
0.7260091933021844,0.19550900158088524,1.0,0.0
0.7260091933021844,0.19887400007083958,1.0,0.0
0.7260091933021844,0.20223899856079391,1.0,0.0
0.7260091933021844,0.20560399705074822,1.0,0.0
0.7260091933021844,0.20896899554070256,1.0,0.0
0.7260091933021844,0.2123339940306569,1.0,0.0
0.7260091933021844,0.2156989925206112,1.0,0.0
0.7260091933021844,0.21906399101056553,1.0,0.0
0.7260091933021844,0.22242898950051984,1.0,0.0
0.7260091933021844,0.22579398799047418,1.0,0.0
0.7260091933021844,0.2291589864804285,1.0,0.0
0.7293741917921387,0.07436905594252957,1.0,0.0
0.7293741917921387,0.07773405443248389,1.0,0.0
0.7293741917921387,0.08109905292243821,1.0,0.0
0.7293741917921387,0.08446405141239255,1.0,0.0
0.7293741917921387,0.08782904990234687,1.0,0.0
0.7293741917921387,0.09119404839230119,1.0,0.0
0.7293741917921387,0.09455904688225551,1.0,0.0
0.7293741917921387,0.09792404537220983,1.0,0.0
0.7293741917921387,0.10128904386216417,1.0,0.0
0.7293741917921387,0.10465404235211849,1.0,0.0
0.7293741917921387,0.10801904084207281,1.0,0.0
0.7293741917921387,0.11138403933202715,1.0,0.0
0.7293741917921387,0.11474903782198147,1.0,0.0
0.7293741917921387,0.11811403631193579,1.0,0.0
0.7293741917921387,0.12147903480189011,1.0,0.0
0.7293741917921387,0.12484403329184443,1.0,0.0
0.7293741917921387,0.12820903178179877,1.0,0.0
0.7293741917921387,0.13157403027175307,1.0,0.0
0.7293741917921387,0.1349390287617074,1.0,0.0
0.7293741917921387,0.13830402725166174,1.0,0.0
0.7293741917921387,0.14166902574161605,1.0,0.0
0.7293741917921387,0.14503402423157039,1.0,0.0
0.7293741917921387,0.14839902272152472,1.0,0.0
0.7293741917921387,0.15176402121147903,1.0,0.0
0.7293741917921387,0.15512901970143336,1.0,0.0
0.7293741917921387,0.1584940181913877,1.0,0.0
0.7293741917921387,0.161859016681342,1.0,0.0
0.7293741917921387,0.16522401517129634,1.0,0.0
0.7293741917921387,0.17195401215120498,1.0,0.0
0.7293741917921387,0.17531901064115932,1.0,0.0
0.7293741917921387,0.17868400913111362,1.0,0.0
0.7293741917921387,0.18204900762106796,1.0,0.0
0.7293741917921387,0.18541400611102227,1.0,0.0
0.7293741917921387,0.1887790046009766,1.0,0.0
0.7293741917921387,0.19214400309093094,1.0,0.0
0.7293741917921387,0.19550900158088524,1.0,0.0
0.7293741917921387,0.19887400007083958,1.0,0.0
0.7293741917921387,0.20223899856079391,1.0,0.0
0.7293741917921387,0.20560399705074822,1.0,0.0
0.7293741917921387,0.20896899554070256,1.0,0.0
0.7293741917921387,0.2123339940306569,1.0,0.0
0.7293741917921387,0.2156989925206112,1.0,0.0
0.7293741917921387,0.21906399101056553,1.0,0.0
0.7293741917921387,0.22242898950051984,1.0,0.0
0.7293741917921387,0.22579398799047418,1.0,0.0
0.7293741917921387,0.2291589864804285,1.0,0.0
0.732739190282093,0.07436905594252957,1.0,0.0
0.732739190282093,0.07773405443248389,1.0,0.0
0.732739190282093,0.08109905292243821,1.0,0.0
0.732739190282093,0.08446405141239255,1.0,0.0
0.732739190282093,0.08782904990234687,1.0,0.0
0.732739190282093,0.09119404839230119,1.0,0.0
0.732739190282093,0.09455904688225551,1.0,0.0
0.732739190282093,0.09792404537220983,1.0,0.0
0.732739190282093,0.10128904386216417,1.0,0.0
0.732739190282093,0.10465404235211849,1.0,0.0
0.732739190282093,0.10801904084207281,1.0,0.0
0.732739190282093,0.11138403933202715,1.0,0.0
0.732739190282093,0.11474903782198147,1.0,0.0
0.732739190282093,0.11811403631193579,1.0,0.0
0.732739190282093,0.12147903480189011,1.0,0.0
0.732739190282093,0.12484403329184443,1.0,0.0
0.732739190282093,0.12820903178179877,1.0,0.0
0.732739190282093,0.13157403027175307,1.0,0.0
0.732739190282093,0.1349390287617074,1.0,0.0
0.732739190282093,0.13830402725166174,1.0,0.0
0.732739190282093,0.14166902574161605,1.0,0.0
0.732739190282093,0.14503402423157039,1.0,0.0
0.732739190282093,0.14839902272152472,1.0,0.0
0.732739190282093,0.15176402121147903,1.0,0.0
0.732739190282093,0.15512901970143336,1.0,0.0
0.732739190282093,0.1584940181913877,1.0,0.0
0.732739190282093,0.161859016681342,1.0,0.0
0.732739190282093,0.16522401517129634,1.0,0.0
0.732739190282093,0.17195401215120498,1.0,0.0
0.732739190282093,0.17531901064115932,1.0,0.0
0.732739190282093,0.17868400913111362,1.0,0.0
0.732739190282093,0.18204900762106796,1.0,0.0
0.732739190282093,0.18541400611102227,1.0,0.0
0.732739190282093,0.1887790046009766,1.0,0.0
0.732739190282093,0.19214400309093094,1.0,0.0
0.732739190282093,0.19550900158088524,1.0,0.0
0.732739190282093,0.19887400007083958,1.0,0.0
0.732739190282093,0.20223899856079391,1.0,0.0
0.732739190282093,0.20560399705074822,1.0,0.0
0.732739190282093,0.20896899554070256,1.0,0.0
0.732739190282093,0.2123339940306569,1.0,0.0
0.732739190282093,0.2156989925206112,1.0,0.0
0.732739190282093,0.21906399101056553,1.0,0.0
0.732739190282093,0.22242898950051984,1.0,0.0
0.732739190282093,0.22579398799047418,1.0,0.0
0.732739190282093,0.2291589864804285,1.0,0.0
0.732739190282093,0.23252398497038282,1.0,0.0
0.7361041887720473,0.07436905594252957,1.0,0.0
0.7361041887720473,0.07773405443248389,1.0,0.0
0.7361041887720473,0.08109905292243821,1.0,0.0
0.7361041887720473,0.08446405141239255,1.0,0.0
0.7361041887720473,0.08782904990234687,1.0,0.0
0.7361041887720473,0.09119404839230119,1.0,0.0
0.7361041887720473,0.09455904688225551,1.0,0.0
0.7361041887720473,0.09792404537220983,1.0,0.0
0.7361041887720473,0.10128904386216417,1.0,0.0
0.7361041887720473,0.10465404235211849,1.0,0.0
0.7361041887720473,0.10801904084207281,1.0,0.0
0.7361041887720473,0.11138403933202715,1.0,0.0
0.7361041887720473,0.11474903782198147,1.0,0.0
0.7361041887720473,0.11811403631193579,1.0,0.0
0.7361041887720473,0.12147903480189011,1.0,0.0
0.7361041887720473,0.12484403329184443,1.0,0.0
0.7361041887720473,0.12820903178179877,1.0,0.0
0.7361041887720473,0.13157403027175307,1.0,0.0
0.7361041887720473,0.1349390287617074,1.0,0.0
0.7361041887720473,0.13830402725166174,1.0,0.0
0.7361041887720473,0.14166902574161605,1.0,0.0
0.7361041887720473,0.14503402423157039,1.0,0.0
0.7361041887720473,0.14839902272152472,1.0,0.0
0.7361041887720473,0.15176402121147903,1.0,0.0
0.7361041887720473,0.15512901970143336,1.0,0.0
0.7361041887720473,0.1584940181913877,1.0,0.0
0.7361041887720473,0.161859016681342,1.0,0.0
0.7361041887720473,0.16522401517129634,1.0,0.0
0.7361041887720473,0.16858901366125065,1.0,0.0
0.7361041887720473,0.17195401215120498,1.0,0.0
0.7361041887720473,0.17531901064115932,1.0,0.0
0.7361041887720473,0.17868400913111362,1.0,0.0
0.7361041887720473,0.18204900762106796,1.0,0.0
0.7361041887720473,0.18541400611102227,1.0,0.0
0.7361041887720473,0.1887790046009766,1.0,0.0
0.7361041887720473,0.19214400309093094,1.0,0.0
0.7361041887720473,0.19550900158088524,1.0,0.0
0.7361041887720473,0.19887400007083958,1.0,0.0
0.7361041887720473,0.20223899856079391,1.0,0.0
0.7361041887720473,0.20560399705074822,1.0,0.0
0.7361041887720473,0.20896899554070256,1.0,0.0
0.7361041887720473,0.2123339940306569,1.0,0.0
0.7361041887720473,0.2156989925206112,1.0,0.0
0.7361041887720473,0.21906399101056553,1.0,0.0
0.7361041887720473,0.22242898950051984,1.0,0.0
0.7361041887720473,0.22579398799047418,1.0,0.0
0.7361041887720473,0.2291589864804285,1.0,0.0
0.7394691872620016,0.07773405443248389,1.0,0.0
0.7394691872620016,0.08109905292243821,1.0,0.0
0.7394691872620016,0.08446405141239255,1.0,0.0
0.7394691872620016,0.08782904990234687,1.0,0.0
0.7394691872620016,0.09119404839230119,1.0,0.0
0.7394691872620016,0.09455904688225551,1.0,0.0
0.7394691872620016,0.09792404537220983,1.0,0.0
0.7394691872620016,0.10128904386216417,1.0,0.0
0.7394691872620016,0.10465404235211849,1.0,0.0
0.7394691872620016,0.10801904084207281,1.0,0.0
0.7394691872620016,0.11138403933202715,1.0,0.0
0.7394691872620016,0.11474903782198147,1.0,0.0
0.7394691872620016,0.11811403631193579,1.0,0.0
0.7394691872620016,0.12147903480189011,1.0,0.0
0.7394691872620016,0.12484403329184443,1.0,0.0
0.7394691872620016,0.12820903178179877,1.0,0.0
0.7394691872620016,0.13157403027175307,1.0,0.0
0.7394691872620016,0.1349390287617074,1.0,0.0
0.7394691872620016,0.13830402725166174,1.0,0.0
0.7394691872620016,0.14166902574161605,1.0,0.0
0.7394691872620016,0.14503402423157039,1.0,0.0
0.7394691872620016,0.14839902272152472,1.0,0.0
0.7394691872620016,0.15176402121147903,1.0,0.0
0.7394691872620016,0.15512901970143336,1.0,0.0
0.7394691872620016,0.1584940181913877,1.0,0.0
0.7394691872620016,0.161859016681342,1.0,0.0
0.7394691872620016,0.16522401517129634,1.0,0.0
0.7394691872620016,0.16858901366125065,1.0,0.0
0.7394691872620016,0.17195401215120498,1.0,0.0
0.7394691872620016,0.17531901064115932,1.0,0.0
0.7394691872620016,0.17868400913111362,1.0,0.0
0.7394691872620016,0.18204900762106796,1.0,0.0
0.7394691872620016,0.18541400611102227,1.0,0.0
0.7394691872620016,0.1887790046009766,1.0,0.0
0.7394691872620016,0.19214400309093094,1.0,0.0
0.7394691872620016,0.19550900158088524,1.0,0.0
0.7394691872620016,0.19887400007083958,1.0,0.0
0.7394691872620016,0.20223899856079391,1.0,0.0
0.7394691872620016,0.20560399705074822,1.0,0.0
0.7394691872620016,0.20896899554070256,1.0,0.0
0.7394691872620016,0.2123339940306569,1.0,0.0
0.7394691872620016,0.2156989925206112,1.0,0.0
0.7394691872620016,0.21906399101056553,1.0,0.0
0.7394691872620016,0.22242898950051984,1.0,0.0
0.7394691872620016,0.22579398799047418,1.0,0.0
0.7394691872620016,0.2291589864804285,1.0,0.0
0.7428341857519559,0.07773405443248389,1.0,0.0
0.7428341857519559,0.08109905292243821,1.0,0.0
0.7428341857519559,0.08446405141239255,1.0,0.0
0.7428341857519559,0.08782904990234687,1.0,0.0
0.7428341857519559,0.09119404839230119,1.0,0.0
0.7428341857519559,0.09455904688225551,1.0,0.0
0.7428341857519559,0.09792404537220983,1.0,0.0
0.7428341857519559,0.10128904386216417,1.0,0.0
0.7428341857519559,0.10465404235211849,1.0,0.0
0.7428341857519559,0.10801904084207281,1.0,0.0
0.7428341857519559,0.11138403933202715,1.0,0.0
0.7428341857519559,0.11474903782198147,1.0,0.0
0.7428341857519559,0.11811403631193579,1.0,0.0
0.7428341857519559,0.12147903480189011,1.0,0.0
0.7428341857519559,0.12484403329184443,1.0,0.0
0.7428341857519559,0.12820903178179877,1.0,0.0
0.7428341857519559,0.13157403027175307,1.0,0.0
0.7428341857519559,0.1349390287617074,1.0,0.0
0.7428341857519559,0.13830402725166174,1.0,0.0
0.7428341857519559,0.14166902574161605,1.0,0.0
0.7428341857519559,0.14503402423157039,1.0,0.0
0.7428341857519559,0.14839902272152472,1.0,0.0
0.7428341857519559,0.15176402121147903,1.0,0.0
0.7428341857519559,0.15512901970143336,1.0,0.0
0.7428341857519559,0.1584940181913877,1.0,0.0
0.7428341857519559,0.161859016681342,1.0,0.0
0.7428341857519559,0.16522401517129634,1.0,0.0
0.7428341857519559,0.16858901366125065,1.0,0.0
0.7428341857519559,0.17195401215120498,1.0,0.0
0.7428341857519559,0.17531901064115932,1.0,0.0
0.7428341857519559,0.17868400913111362,1.0,0.0
0.7428341857519559,0.18204900762106796,1.0,0.0
0.7428341857519559,0.18541400611102227,1.0,0.0
0.7428341857519559,0.1887790046009766,1.0,0.0
0.7428341857519559,0.19214400309093094,1.0,0.0
0.7428341857519559,0.19550900158088524,1.0,0.0
0.7428341857519559,0.19887400007083958,1.0,0.0
0.7428341857519559,0.20223899856079391,1.0,0.0
0.7428341857519559,0.20560399705074822,1.0,0.0
0.7428341857519559,0.20896899554070256,1.0,0.0
0.7428341857519559,0.2123339940306569,1.0,0.0
0.7428341857519559,0.2156989925206112,1.0,0.0
0.7428341857519559,0.21906399101056553,1.0,0.0
0.7428341857519559,0.22242898950051984,1.0,0.0
0.7428341857519559,0.22579398799047418,1.0,0.0
0.7428341857519559,0.2291589864804285,1.0,0.0
0.7461991842419103,0.07773405443248389,1.0,0.0
0.7461991842419103,0.08109905292243821,1.0,0.0
0.7461991842419103,0.08446405141239255,1.0,0.0
0.7461991842419103,0.08782904990234687,1.0,0.0
0.7461991842419103,0.09119404839230119,1.0,0.0
0.7461991842419103,0.09455904688225551,1.0,0.0
0.7461991842419103,0.09792404537220983,1.0,0.0
0.7461991842419103,0.10128904386216417,1.0,0.0
0.7461991842419103,0.10465404235211849,1.0,0.0
0.7461991842419103,0.10801904084207281,1.0,0.0
0.7461991842419103,0.11138403933202715,1.0,0.0
0.7461991842419103,0.11474903782198147,1.0,0.0
0.7461991842419103,0.11811403631193579,1.0,0.0
0.7461991842419103,0.12147903480189011,1.0,0.0
0.7461991842419103,0.12484403329184443,1.0,0.0
0.7461991842419103,0.12820903178179877,1.0,0.0
0.7461991842419103,0.13157403027175307,1.0,0.0
0.7461991842419103,0.1349390287617074,1.0,0.0
0.7461991842419103,0.13830402725166174,1.0,0.0
0.7461991842419103,0.14166902574161605,1.0,0.0
0.7461991842419103,0.14503402423157039,1.0,0.0
0.7461991842419103,0.14839902272152472,1.0,0.0
0.7461991842419103,0.15176402121147903,1.0,0.0
0.7461991842419103,0.15512901970143336,1.0,0.0
0.7461991842419103,0.1584940181913877,1.0,0.0
0.7461991842419103,0.161859016681342,1.0,0.0
0.7461991842419103,0.16522401517129634,1.0,0.0
0.7461991842419103,0.16858901366125065,1.0,0.0
0.7461991842419103,0.17195401215120498,1.0,0.0
0.7461991842419103,0.17531901064115932,1.0,0.0
0.7461991842419103,0.17868400913111362,1.0,0.0
0.7461991842419103,0.18204900762106796,1.0,0.0
0.7461991842419103,0.18541400611102227,1.0,0.0
0.7461991842419103,0.1887790046009766,1.0,0.0
0.7461991842419103,0.19214400309093094,1.0,0.0
0.7461991842419103,0.19550900158088524,1.0,0.0
0.7461991842419103,0.19887400007083958,1.0,0.0
0.7461991842419103,0.20223899856079391,1.0,0.0
0.7461991842419103,0.20560399705074822,1.0,0.0
0.7461991842419103,0.20896899554070256,1.0,0.0
0.7461991842419103,0.2123339940306569,1.0,0.0
0.7461991842419103,0.2156989925206112,1.0,0.0
0.7461991842419103,0.21906399101056553,1.0,0.0
0.7461991842419103,0.22242898950051984,1.0,0.0
0.7461991842419103,0.22579398799047418,1.0,0.0
0.7461991842419103,0.2291589864804285,1.0,0.0
0.7495641827318646,0.07773405443248389,1.0,0.0
0.7495641827318646,0.08109905292243821,1.0,0.0
0.7495641827318646,0.08446405141239255,1.0,0.0
0.7495641827318646,0.08782904990234687,1.0,0.0
0.7495641827318646,0.09119404839230119,1.0,0.0
0.7495641827318646,0.09455904688225551,1.0,0.0
0.7495641827318646,0.09792404537220983,1.0,0.0
0.7495641827318646,0.10128904386216417,1.0,0.0
0.7495641827318646,0.10465404235211849,1.0,0.0
0.7495641827318646,0.10801904084207281,1.0,0.0
0.7495641827318646,0.11138403933202715,1.0,0.0
0.7495641827318646,0.11474903782198147,1.0,0.0
0.7495641827318646,0.11811403631193579,1.0,0.0
0.7495641827318646,0.12147903480189011,1.0,0.0
0.7495641827318646,0.12484403329184443,1.0,0.0
0.7495641827318646,0.12820903178179877,1.0,0.0
0.7495641827318646,0.13157403027175307,1.0,0.0
0.7495641827318646,0.1349390287617074,1.0,0.0
0.7495641827318646,0.13830402725166174,1.0,0.0
0.7495641827318646,0.14166902574161605,1.0,0.0
0.7495641827318646,0.14503402423157039,1.0,0.0
0.7495641827318646,0.14839902272152472,1.0,0.0
0.7495641827318646,0.15176402121147903,1.0,0.0
0.7495641827318646,0.15512901970143336,1.0,0.0
0.7495641827318646,0.1584940181913877,1.0,0.0
0.7495641827318646,0.161859016681342,1.0,0.0
0.7495641827318646,0.16522401517129634,1.0,0.0
0.7495641827318646,0.16858901366125065,1.0,0.0
0.7495641827318646,0.17195401215120498,1.0,0.0
0.7495641827318646,0.17531901064115932,1.0,0.0
0.7495641827318646,0.17868400913111362,1.0,0.0
0.7495641827318646,0.18204900762106796,1.0,0.0
0.7495641827318646,0.18541400611102227,1.0,0.0
0.7495641827318646,0.1887790046009766,1.0,0.0
0.7495641827318646,0.19214400309093094,1.0,0.0
0.7495641827318646,0.19550900158088524,1.0,0.0
0.7495641827318646,0.19887400007083958,1.0,0.0
0.7495641827318646,0.20223899856079391,1.0,0.0
0.7495641827318646,0.20560399705074822,1.0,0.0
0.7495641827318646,0.20896899554070256,1.0,0.0
0.7495641827318646,0.2123339940306569,1.0,0.0
0.7495641827318646,0.2156989925206112,1.0,0.0
0.7495641827318646,0.21906399101056553,1.0,0.0
0.7495641827318646,0.22242898950051984,1.0,0.0
0.7495641827318646,0.22579398799047418,1.0,0.0
0.752929181221819,0.07773405443248389,1.0,0.0
0.752929181221819,0.08109905292243821,1.0,0.0
0.752929181221819,0.08446405141239255,1.0,0.0
0.752929181221819,0.08782904990234687,1.0,0.0
0.752929181221819,0.09119404839230119,1.0,0.0
0.752929181221819,0.09455904688225551,1.0,0.0
0.752929181221819,0.09792404537220983,1.0,0.0
0.752929181221819,0.10128904386216417,1.0,0.0
0.752929181221819,0.10465404235211849,1.0,0.0
0.752929181221819,0.10801904084207281,1.0,0.0
0.752929181221819,0.11138403933202715,1.0,0.0
0.752929181221819,0.11474903782198147,1.0,0.0
0.752929181221819,0.11811403631193579,1.0,0.0
0.752929181221819,0.12147903480189011,1.0,0.0
0.752929181221819,0.12484403329184443,1.0,0.0
0.752929181221819,0.12820903178179877,1.0,0.0
0.752929181221819,0.13157403027175307,1.0,0.0
0.752929181221819,0.1349390287617074,1.0,0.0
0.752929181221819,0.13830402725166174,1.0,0.0
0.752929181221819,0.14166902574161605,1.0,0.0
0.752929181221819,0.14503402423157039,1.0,0.0
0.752929181221819,0.14839902272152472,1.0,0.0
0.752929181221819,0.15176402121147903,1.0,0.0
0.752929181221819,0.15512901970143336,1.0,0.0
0.752929181221819,0.1584940181913877,1.0,0.0
0.752929181221819,0.161859016681342,1.0,0.0
0.752929181221819,0.16522401517129634,1.0,0.0
0.752929181221819,0.16858901366125065,1.0,0.0
0.752929181221819,0.17195401215120498,1.0,0.0
0.752929181221819,0.17531901064115932,1.0,0.0
0.752929181221819,0.17868400913111362,1.0,0.0
0.752929181221819,0.18204900762106796,1.0,0.0
0.752929181221819,0.18541400611102227,1.0,0.0
0.752929181221819,0.1887790046009766,1.0,0.0
0.752929181221819,0.19214400309093094,1.0,0.0
0.752929181221819,0.19550900158088524,1.0,0.0
0.752929181221819,0.19887400007083958,1.0,0.0
0.752929181221819,0.20223899856079391,1.0,0.0
0.752929181221819,0.20560399705074822,1.0,0.0
0.752929181221819,0.20896899554070256,1.0,0.0
0.752929181221819,0.2123339940306569,1.0,0.0
0.752929181221819,0.2156989925206112,1.0,0.0
0.752929181221819,0.21906399101056553,1.0,0.0
0.752929181221819,0.22242898950051984,1.0,0.0
0.752929181221819,0.22579398799047418,1.0,0.0
0.7562941797117733,0.07773405443248389,1.0,0.0
0.7562941797117733,0.08109905292243821,1.0,0.0
0.7562941797117733,0.08446405141239255,1.0,0.0
0.7562941797117733,0.08782904990234687,1.0,0.0
0.7562941797117733,0.09119404839230119,1.0,0.0
0.7562941797117733,0.09455904688225551,1.0,0.0
0.7562941797117733,0.09792404537220983,1.0,0.0
0.7562941797117733,0.10128904386216417,1.0,0.0
0.7562941797117733,0.10465404235211849,1.0,0.0
0.7562941797117733,0.10801904084207281,1.0,0.0
0.7562941797117733,0.11138403933202715,1.0,0.0
0.7562941797117733,0.11474903782198147,1.0,0.0
0.7562941797117733,0.11811403631193579,1.0,0.0
0.7562941797117733,0.12147903480189011,1.0,0.0
0.7562941797117733,0.12484403329184443,1.0,0.0
0.7562941797117733,0.12820903178179877,1.0,0.0
0.7562941797117733,0.13157403027175307,1.0,0.0
0.7562941797117733,0.1349390287617074,1.0,0.0
0.7562941797117733,0.13830402725166174,1.0,0.0
0.7562941797117733,0.14166902574161605,1.0,0.0
0.7562941797117733,0.14503402423157039,1.0,0.0
0.7562941797117733,0.14839902272152472,1.0,0.0
0.7562941797117733,0.15176402121147903,1.0,0.0
0.7562941797117733,0.15512901970143336,1.0,0.0
0.7562941797117733,0.1584940181913877,1.0,0.0
0.7562941797117733,0.161859016681342,1.0,0.0
0.7562941797117733,0.16522401517129634,1.0,0.0
0.7562941797117733,0.16858901366125065,1.0,0.0
0.7562941797117733,0.17195401215120498,1.0,0.0
0.7562941797117733,0.17531901064115932,1.0,0.0
0.7562941797117733,0.17868400913111362,1.0,0.0
0.7562941797117733,0.18204900762106796,1.0,0.0
0.7562941797117733,0.18541400611102227,1.0,0.0
0.7562941797117733,0.1887790046009766,1.0,0.0
0.7562941797117733,0.19214400309093094,1.0,0.0
0.7562941797117733,0.19550900158088524,1.0,0.0
0.7562941797117733,0.19887400007083958,1.0,0.0
0.7562941797117733,0.20223899856079391,1.0,0.0
0.7562941797117733,0.20560399705074822,1.0,0.0
0.7562941797117733,0.20896899554070256,1.0,0.0
0.7562941797117733,0.2123339940306569,1.0,0.0
0.7562941797117733,0.2156989925206112,1.0,0.0
0.7562941797117733,0.21906399101056553,1.0,0.0
0.7562941797117733,0.22242898950051984,1.0,0.0
0.7562941797117733,0.22579398799047418,1.0,0.0
0.7596591782017276,0.08109905292243821,1.0,0.0
0.7596591782017276,0.08446405141239255,1.0,0.0
0.7596591782017276,0.08782904990234687,1.0,0.0
0.7596591782017276,0.09119404839230119,1.0,0.0
0.7596591782017276,0.09455904688225551,1.0,0.0
0.7596591782017276,0.09792404537220983,1.0,0.0
0.7596591782017276,0.10128904386216417,1.0,0.0
0.7596591782017276,0.10465404235211849,1.0,0.0
0.7596591782017276,0.10801904084207281,1.0,0.0
0.7596591782017276,0.11138403933202715,1.0,0.0
0.7596591782017276,0.11474903782198147,1.0,0.0
0.7596591782017276,0.11811403631193579,1.0,0.0
0.7596591782017276,0.12147903480189011,1.0,0.0
0.7596591782017276,0.12484403329184443,1.0,0.0
0.7596591782017276,0.12820903178179877,1.0,0.0
0.7596591782017276,0.13157403027175307,1.0,0.0
0.7596591782017276,0.1349390287617074,1.0,0.0
0.7596591782017276,0.13830402725166174,1.0,0.0
0.7596591782017276,0.14166902574161605,1.0,0.0
0.7596591782017276,0.14503402423157039,1.0,0.0
0.7596591782017276,0.14839902272152472,1.0,0.0
0.7596591782017276,0.15176402121147903,1.0,0.0
0.7596591782017276,0.15512901970143336,1.0,0.0
0.7596591782017276,0.1584940181913877,1.0,0.0
0.7596591782017276,0.161859016681342,1.0,0.0
0.7596591782017276,0.16522401517129634,1.0,0.0
0.7596591782017276,0.16858901366125065,1.0,0.0
0.7596591782017276,0.17195401215120498,1.0,0.0
0.7596591782017276,0.17531901064115932,1.0,0.0
0.7596591782017276,0.17868400913111362,1.0,0.0
0.7596591782017276,0.18204900762106796,1.0,0.0
0.7596591782017276,0.18541400611102227,1.0,0.0
0.7596591782017276,0.1887790046009766,1.0,0.0
0.7596591782017276,0.19214400309093094,1.0,0.0
0.7596591782017276,0.19550900158088524,1.0,0.0
0.7596591782017276,0.19887400007083958,1.0,0.0
0.7596591782017276,0.20223899856079391,1.0,0.0
0.7596591782017276,0.20560399705074822,1.0,0.0
0.7596591782017276,0.20896899554070256,1.0,0.0
0.7596591782017276,0.2123339940306569,1.0,0.0
0.7596591782017276,0.2156989925206112,1.0,0.0
0.7596591782017276,0.21906399101056553,1.0,0.0
0.7596591782017276,0.22242898950051984,1.0,0.0
0.7596591782017276,0.22579398799047418,1.0,0.0
0.763024176691682,0.08109905292243821,1.0,0.0
0.763024176691682,0.08446405141239255,1.0,0.0
0.763024176691682,0.08782904990234687,1.0,0.0
0.763024176691682,0.09119404839230119,1.0,0.0
0.763024176691682,0.09455904688225551,1.0,0.0
0.763024176691682,0.09792404537220983,1.0,0.0
0.763024176691682,0.10128904386216417,1.0,0.0
0.763024176691682,0.10465404235211849,1.0,0.0
0.763024176691682,0.10801904084207281,1.0,0.0
0.763024176691682,0.11138403933202715,1.0,0.0
0.763024176691682,0.11474903782198147,1.0,0.0
0.763024176691682,0.11811403631193579,1.0,0.0
0.763024176691682,0.12147903480189011,1.0,0.0
0.763024176691682,0.12484403329184443,1.0,0.0
0.763024176691682,0.12820903178179877,1.0,0.0
0.763024176691682,0.13157403027175307,1.0,0.0
0.763024176691682,0.1349390287617074,1.0,0.0
0.763024176691682,0.13830402725166174,1.0,0.0
0.763024176691682,0.14166902574161605,1.0,0.0
0.763024176691682,0.14503402423157039,1.0,0.0
0.763024176691682,0.14839902272152472,1.0,0.0
0.763024176691682,0.15176402121147903,1.0,0.0
0.763024176691682,0.15512901970143336,1.0,0.0
0.763024176691682,0.1584940181913877,1.0,0.0
0.763024176691682,0.161859016681342,1.0,0.0
0.763024176691682,0.16522401517129634,1.0,0.0
0.763024176691682,0.16858901366125065,1.0,0.0
0.763024176691682,0.17195401215120498,1.0,0.0
0.763024176691682,0.17531901064115932,1.0,0.0
0.763024176691682,0.17868400913111362,1.0,0.0
0.763024176691682,0.18204900762106796,1.0,0.0
0.763024176691682,0.18541400611102227,1.0,0.0
0.763024176691682,0.1887790046009766,1.0,0.0
0.763024176691682,0.19214400309093094,1.0,0.0
0.763024176691682,0.19550900158088524,1.0,0.0
0.763024176691682,0.19887400007083958,1.0,0.0
0.763024176691682,0.20223899856079391,1.0,0.0
0.763024176691682,0.20560399705074822,1.0,0.0
0.763024176691682,0.20896899554070256,1.0,0.0
0.763024176691682,0.2123339940306569,1.0,0.0
0.763024176691682,0.2156989925206112,1.0,0.0
0.763024176691682,0.21906399101056553,1.0,0.0
0.763024176691682,0.22242898950051984,1.0,0.0
0.763024176691682,0.22579398799047418,1.0,0.0
0.7663891751816363,0.08109905292243821,1.0,0.0
0.7663891751816363,0.08446405141239255,1.0,0.0
0.7663891751816363,0.08782904990234687,1.0,0.0
0.7663891751816363,0.09119404839230119,1.0,0.0
0.7663891751816363,0.09455904688225551,1.0,0.0
0.7663891751816363,0.09792404537220983,1.0,0.0
0.7663891751816363,0.10128904386216417,1.0,0.0
0.7663891751816363,0.10465404235211849,1.0,0.0
0.7663891751816363,0.10801904084207281,1.0,0.0
0.7663891751816363,0.11138403933202715,1.0,0.0
0.7663891751816363,0.11474903782198147,1.0,0.0
0.7663891751816363,0.11811403631193579,1.0,0.0
0.7663891751816363,0.12147903480189011,1.0,0.0
0.7663891751816363,0.12484403329184443,1.0,0.0
0.7663891751816363,0.12820903178179877,1.0,0.0
0.7663891751816363,0.13157403027175307,1.0,0.0
0.7663891751816363,0.1349390287617074,1.0,0.0
0.7663891751816363,0.13830402725166174,1.0,0.0
0.7663891751816363,0.14166902574161605,1.0,0.0
0.7663891751816363,0.14503402423157039,1.0,0.0
0.7663891751816363,0.14839902272152472,1.0,0.0
0.7663891751816363,0.15176402121147903,1.0,0.0
0.7663891751816363,0.15512901970143336,1.0,0.0
0.7663891751816363,0.1584940181913877,1.0,0.0
0.7663891751816363,0.161859016681342,1.0,0.0
0.7663891751816363,0.16522401517129634,1.0,0.0
0.7663891751816363,0.16858901366125065,1.0,0.0
0.7663891751816363,0.17195401215120498,1.0,0.0
0.7663891751816363,0.17531901064115932,1.0,0.0
0.7663891751816363,0.17868400913111362,1.0,0.0
0.7663891751816363,0.18204900762106796,1.0,0.0
0.7663891751816363,0.18541400611102227,1.0,0.0
0.7663891751816363,0.1887790046009766,1.0,0.0
0.7663891751816363,0.19214400309093094,1.0,0.0
0.7663891751816363,0.19550900158088524,1.0,0.0
0.7663891751816363,0.19887400007083958,1.0,0.0
0.7663891751816363,0.20223899856079391,1.0,0.0
0.7663891751816363,0.20560399705074822,1.0,0.0
0.7663891751816363,0.20896899554070256,1.0,0.0
0.7663891751816363,0.2123339940306569,1.0,0.0
0.7663891751816363,0.2156989925206112,1.0,0.0
0.7663891751816363,0.21906399101056553,1.0,0.0
0.7663891751816363,0.22242898950051984,1.0,0.0
0.7663891751816363,0.22579398799047418,1.0,0.0
0.7697541736715906,0.08109905292243821,1.0,0.0
0.7697541736715906,0.08446405141239255,1.0,0.0
0.7697541736715906,0.08782904990234687,1.0,0.0
0.7697541736715906,0.09119404839230119,1.0,0.0
0.7697541736715906,0.09455904688225551,1.0,0.0
0.7697541736715906,0.09792404537220983,1.0,0.0
0.7697541736715906,0.10128904386216417,1.0,0.0
0.7697541736715906,0.10465404235211849,1.0,0.0
0.7697541736715906,0.10801904084207281,1.0,0.0
0.7697541736715906,0.11138403933202715,1.0,0.0
0.7697541736715906,0.11474903782198147,1.0,0.0
0.7697541736715906,0.11811403631193579,1.0,0.0
0.7697541736715906,0.12147903480189011,1.0,0.0
0.7697541736715906,0.12484403329184443,1.0,0.0
0.7697541736715906,0.12820903178179877,1.0,0.0
0.7697541736715906,0.13157403027175307,1.0,0.0
0.7697541736715906,0.1349390287617074,1.0,0.0
0.7697541736715906,0.13830402725166174,1.0,0.0
0.7697541736715906,0.14166902574161605,1.0,0.0
0.7697541736715906,0.14503402423157039,1.0,0.0
0.7697541736715906,0.14839902272152472,1.0,0.0
0.7697541736715906,0.15176402121147903,1.0,0.0
0.7697541736715906,0.15512901970143336,1.0,0.0
0.7697541736715906,0.1584940181913877,1.0,0.0
0.7697541736715906,0.161859016681342,1.0,0.0
0.7697541736715906,0.16522401517129634,1.0,0.0
0.7697541736715906,0.16858901366125065,1.0,0.0
0.7697541736715906,0.17195401215120498,1.0,0.0
0.7697541736715906,0.17531901064115932,1.0,0.0
0.7697541736715906,0.17868400913111362,1.0,0.0
0.7697541736715906,0.18204900762106796,1.0,0.0
0.7697541736715906,0.18541400611102227,1.0,0.0
0.7697541736715906,0.1887790046009766,1.0,0.0
0.7697541736715906,0.19214400309093094,1.0,0.0
0.7697541736715906,0.19550900158088524,1.0,0.0
0.7697541736715906,0.19887400007083958,1.0,0.0
0.7697541736715906,0.20223899856079391,1.0,0.0
0.7697541736715906,0.20560399705074822,1.0,0.0
0.7697541736715906,0.20896899554070256,1.0,0.0
0.7697541736715906,0.2123339940306569,1.0,0.0
0.7697541736715906,0.2156989925206112,1.0,0.0
0.7697541736715906,0.21906399101056553,1.0,0.0
0.7697541736715906,0.22242898950051984,1.0,0.0
0.7697541736715906,0.22579398799047418,1.0,0.0
0.7731191721615449,0.08109905292243821,1.0,0.0
0.7731191721615449,0.08446405141239255,1.0,0.0
0.7731191721615449,0.08782904990234687,1.0,0.0
0.7731191721615449,0.09119404839230119,1.0,0.0
0.7731191721615449,0.09455904688225551,1.0,0.0
0.7731191721615449,0.09792404537220983,1.0,0.0
0.7731191721615449,0.10128904386216417,1.0,0.0
0.7731191721615449,0.10465404235211849,1.0,0.0
0.7731191721615449,0.10801904084207281,1.0,0.0
0.7731191721615449,0.11138403933202715,1.0,0.0
0.7731191721615449,0.11474903782198147,1.0,0.0
0.7731191721615449,0.11811403631193579,1.0,0.0
0.7731191721615449,0.12147903480189011,1.0,0.0
0.7731191721615449,0.12484403329184443,1.0,0.0
0.7731191721615449,0.12820903178179877,1.0,0.0
0.7731191721615449,0.13157403027175307,1.0,0.0
0.7731191721615449,0.1349390287617074,1.0,0.0
0.7731191721615449,0.13830402725166174,1.0,0.0
0.7731191721615449,0.14166902574161605,1.0,0.0
0.7731191721615449,0.14503402423157039,1.0,0.0
0.7731191721615449,0.14839902272152472,1.0,0.0
0.7731191721615449,0.15176402121147903,1.0,0.0
0.7731191721615449,0.15512901970143336,1.0,0.0
0.7731191721615449,0.1584940181913877,1.0,0.0
0.7731191721615449,0.161859016681342,1.0,0.0
0.7731191721615449,0.16522401517129634,1.0,0.0
0.7731191721615449,0.16858901366125065,1.0,0.0
0.7731191721615449,0.17195401215120498,1.0,0.0
0.7731191721615449,0.17531901064115932,1.0,0.0
0.7731191721615449,0.17868400913111362,1.0,0.0
0.7731191721615449,0.18204900762106796,1.0,0.0
0.7731191721615449,0.18541400611102227,1.0,0.0
0.7731191721615449,0.1887790046009766,1.0,0.0
0.7731191721615449,0.19214400309093094,1.0,0.0
0.7731191721615449,0.19550900158088524,1.0,0.0
0.7731191721615449,0.19887400007083958,1.0,0.0
0.7731191721615449,0.20223899856079391,1.0,0.0
0.7731191721615449,0.20560399705074822,1.0,0.0
0.7731191721615449,0.20896899554070256,1.0,0.0
0.7731191721615449,0.2123339940306569,1.0,0.0
0.7731191721615449,0.2156989925206112,1.0,0.0
0.7731191721615449,0.21906399101056553,1.0,0.0
0.7731191721615449,0.22242898950051984,1.0,0.0
0.7764841706514992,0.08109905292243821,1.0,0.0
0.7764841706514992,0.08446405141239255,1.0,0.0
0.7764841706514992,0.08782904990234687,1.0,0.0
0.7764841706514992,0.09119404839230119,1.0,0.0
0.7764841706514992,0.09455904688225551,1.0,0.0
0.7764841706514992,0.09792404537220983,1.0,0.0
0.7764841706514992,0.10128904386216417,1.0,0.0
0.7764841706514992,0.10465404235211849,1.0,0.0
0.7764841706514992,0.10801904084207281,1.0,0.0
0.7764841706514992,0.11138403933202715,1.0,0.0
0.7764841706514992,0.11474903782198147,1.0,0.0
0.7764841706514992,0.11811403631193579,1.0,0.0
0.7764841706514992,0.12147903480189011,1.0,0.0
0.7764841706514992,0.12484403329184443,1.0,0.0
0.7764841706514992,0.12820903178179877,1.0,0.0
0.7764841706514992,0.13157403027175307,1.0,0.0
0.7764841706514992,0.1349390287617074,1.0,0.0
0.7764841706514992,0.13830402725166174,1.0,0.0
0.7764841706514992,0.14166902574161605,1.0,0.0
0.7764841706514992,0.14503402423157039,1.0,0.0
0.7764841706514992,0.14839902272152472,1.0,0.0
0.7764841706514992,0.15176402121147903,1.0,0.0
0.7764841706514992,0.15512901970143336,1.0,0.0
0.7764841706514992,0.1584940181913877,1.0,0.0
0.7764841706514992,0.161859016681342,1.0,0.0
0.7764841706514992,0.16522401517129634,1.0,0.0
0.7764841706514992,0.16858901366125065,1.0,0.0
0.7764841706514992,0.17195401215120498,1.0,0.0
0.7764841706514992,0.17531901064115932,1.0,0.0
0.7764841706514992,0.17868400913111362,1.0,0.0
0.7764841706514992,0.18204900762106796,1.0,0.0
0.7764841706514992,0.18541400611102227,1.0,0.0
0.7764841706514992,0.1887790046009766,1.0,0.0
0.7764841706514992,0.19214400309093094,1.0,0.0
0.7764841706514992,0.19550900158088524,1.0,0.0
0.7764841706514992,0.19887400007083958,1.0,0.0
0.7764841706514992,0.20223899856079391,1.0,0.0
0.7764841706514992,0.20560399705074822,1.0,0.0
0.7764841706514992,0.20896899554070256,1.0,0.0
0.7764841706514992,0.2123339940306569,1.0,0.0
0.7764841706514992,0.2156989925206112,1.0,0.0
0.7764841706514992,0.21906399101056553,1.0,0.0
0.7798491691414535,0.08109905292243821,1.0,0.0
0.7798491691414535,0.08446405141239255,1.0,0.0
0.7798491691414535,0.08782904990234687,1.0,0.0
0.7798491691414535,0.09119404839230119,1.0,0.0
0.7798491691414535,0.09455904688225551,1.0,0.0
0.7798491691414535,0.09792404537220983,1.0,0.0
0.7798491691414535,0.10128904386216417,1.0,0.0
0.7798491691414535,0.10465404235211849,1.0,0.0
0.7798491691414535,0.10801904084207281,1.0,0.0
0.7798491691414535,0.11138403933202715,1.0,0.0
0.7798491691414535,0.11474903782198147,1.0,0.0
0.7798491691414535,0.11811403631193579,1.0,0.0
0.7798491691414535,0.12147903480189011,1.0,0.0
0.7798491691414535,0.12484403329184443,1.0,0.0
0.7798491691414535,0.12820903178179877,1.0,0.0
0.7798491691414535,0.13157403027175307,1.0,0.0
0.7798491691414535,0.1349390287617074,1.0,0.0
0.7798491691414535,0.13830402725166174,1.0,0.0
0.7798491691414535,0.14166902574161605,1.0,0.0
0.7798491691414535,0.14503402423157039,1.0,0.0
0.7798491691414535,0.14839902272152472,1.0,0.0
0.7798491691414535,0.15176402121147903,1.0,0.0
0.7798491691414535,0.15512901970143336,1.0,0.0
0.7798491691414535,0.1584940181913877,1.0,0.0
0.7798491691414535,0.161859016681342,1.0,0.0
0.7798491691414535,0.16522401517129634,1.0,0.0
0.7798491691414535,0.16858901366125065,1.0,0.0
0.7798491691414535,0.17195401215120498,1.0,0.0
0.7798491691414535,0.17531901064115932,1.0,0.0
0.7798491691414535,0.17868400913111362,1.0,0.0
0.7798491691414535,0.18204900762106796,1.0,0.0
0.7798491691414535,0.18541400611102227,1.0,0.0
0.7798491691414535,0.1887790046009766,1.0,0.0
0.7798491691414535,0.19214400309093094,1.0,0.0
0.7798491691414535,0.19550900158088524,1.0,0.0
0.7798491691414535,0.19887400007083958,1.0,0.0
0.7798491691414535,0.20223899856079391,1.0,0.0
0.7798491691414535,0.20560399705074822,1.0,0.0
0.7798491691414535,0.20896899554070256,1.0,0.0
0.7798491691414535,0.2123339940306569,1.0,0.0
0.7798491691414535,0.2156989925206112,1.0,0.0
0.7798491691414535,0.21906399101056553,1.0,0.0
0.7832141676314079,0.08109905292243821,1.0,0.0
0.7832141676314079,0.08446405141239255,1.0,0.0
0.7832141676314079,0.08782904990234687,1.0,0.0
0.7832141676314079,0.09119404839230119,1.0,0.0
0.7832141676314079,0.09455904688225551,1.0,0.0
0.7832141676314079,0.09792404537220983,1.0,0.0
0.7832141676314079,0.10128904386216417,1.0,0.0
0.7832141676314079,0.10465404235211849,1.0,0.0
0.7832141676314079,0.10801904084207281,1.0,0.0
0.7832141676314079,0.11138403933202715,1.0,0.0
0.7832141676314079,0.11474903782198147,1.0,0.0
0.7832141676314079,0.11811403631193579,1.0,0.0
0.7832141676314079,0.12147903480189011,1.0,0.0
0.7832141676314079,0.12484403329184443,1.0,0.0
0.7832141676314079,0.12820903178179877,1.0,0.0
0.7832141676314079,0.13157403027175307,1.0,0.0
0.7832141676314079,0.1349390287617074,1.0,0.0
0.7832141676314079,0.13830402725166174,1.0,0.0
0.7832141676314079,0.14166902574161605,1.0,0.0
0.7832141676314079,0.14503402423157039,1.0,0.0
0.7832141676314079,0.14839902272152472,1.0,0.0
0.7832141676314079,0.15176402121147903,1.0,0.0
0.7832141676314079,0.15512901970143336,1.0,0.0
0.7832141676314079,0.1584940181913877,1.0,0.0
0.7832141676314079,0.161859016681342,1.0,0.0
0.7832141676314079,0.16522401517129634,1.0,0.0
0.7832141676314079,0.16858901366125065,1.0,0.0
0.7832141676314079,0.17195401215120498,1.0,0.0
0.7832141676314079,0.17531901064115932,1.0,0.0
0.7832141676314079,0.17868400913111362,1.0,0.0
0.7832141676314079,0.18204900762106796,1.0,0.0
0.7832141676314079,0.18541400611102227,1.0,0.0
0.7832141676314079,0.1887790046009766,1.0,0.0
0.7832141676314079,0.19214400309093094,1.0,0.0
0.7832141676314079,0.19550900158088524,1.0,0.0
0.7832141676314079,0.19887400007083958,1.0,0.0
0.7832141676314079,0.20223899856079391,1.0,0.0
0.7832141676314079,0.20560399705074822,1.0,0.0
0.7832141676314079,0.20896899554070256,1.0,0.0
0.7832141676314079,0.2123339940306569,1.0,0.0
0.7832141676314079,0.2156989925206112,1.0,0.0
0.7832141676314079,0.21906399101056553,1.0,0.0
0.7832141676314079,0.22242898950051984,1.0,0.0
0.7865791661213622,0.08109905292243821,1.0,0.0
0.7865791661213622,0.08446405141239255,1.0,0.0
0.7865791661213622,0.08782904990234687,1.0,0.0
0.7865791661213622,0.09119404839230119,1.0,0.0
0.7865791661213622,0.09455904688225551,1.0,0.0
0.7865791661213622,0.09792404537220983,1.0,0.0
0.7865791661213622,0.10128904386216417,1.0,0.0
0.7865791661213622,0.10465404235211849,1.0,0.0
0.7865791661213622,0.10801904084207281,1.0,0.0
0.7865791661213622,0.11138403933202715,1.0,0.0
0.7865791661213622,0.11474903782198147,1.0,0.0
0.7865791661213622,0.11811403631193579,1.0,0.0
0.7865791661213622,0.12147903480189011,1.0,0.0
0.7865791661213622,0.12484403329184443,1.0,0.0
0.7865791661213622,0.12820903178179877,1.0,0.0
0.7865791661213622,0.13157403027175307,1.0,0.0
0.7865791661213622,0.1349390287617074,1.0,0.0
0.7865791661213622,0.13830402725166174,1.0,0.0
0.7865791661213622,0.14166902574161605,1.0,0.0
0.7865791661213622,0.14503402423157039,1.0,0.0
0.7865791661213622,0.14839902272152472,1.0,0.0
0.7865791661213622,0.15176402121147903,1.0,0.0
0.7865791661213622,0.15512901970143336,1.0,0.0
0.7865791661213622,0.1584940181913877,1.0,0.0
0.7865791661213622,0.161859016681342,1.0,0.0
0.7865791661213622,0.16522401517129634,1.0,0.0
0.7865791661213622,0.16858901366125065,1.0,0.0
0.7865791661213622,0.17195401215120498,1.0,0.0
0.7865791661213622,0.17531901064115932,1.0,0.0
0.7865791661213622,0.17868400913111362,1.0,0.0
0.7865791661213622,0.18204900762106796,1.0,0.0
0.7865791661213622,0.18541400611102227,1.0,0.0
0.7865791661213622,0.1887790046009766,1.0,0.0
0.7865791661213622,0.19214400309093094,1.0,0.0
0.7865791661213622,0.19550900158088524,1.0,0.0
0.7865791661213622,0.19887400007083958,1.0,0.0
0.7865791661213622,0.20223899856079391,1.0,0.0
0.7865791661213622,0.20560399705074822,1.0,0.0
0.7865791661213622,0.20896899554070256,1.0,0.0
0.7865791661213622,0.2123339940306569,1.0,0.0
0.7865791661213622,0.2156989925206112,1.0,0.0
0.7865791661213622,0.21906399101056553,1.0,0.0
0.7899441646113166,0.08446405141239255,1.0,0.0
0.7899441646113166,0.08782904990234687,1.0,0.0
0.7899441646113166,0.09119404839230119,1.0,0.0
0.7899441646113166,0.09455904688225551,1.0,0.0
0.7899441646113166,0.09792404537220983,1.0,0.0
0.7899441646113166,0.10128904386216417,1.0,0.0
0.7899441646113166,0.10465404235211849,1.0,0.0
0.7899441646113166,0.10801904084207281,1.0,0.0
0.7899441646113166,0.11138403933202715,1.0,0.0
0.7899441646113166,0.11474903782198147,1.0,0.0
0.7899441646113166,0.11811403631193579,1.0,0.0
0.7899441646113166,0.12147903480189011,1.0,0.0
0.7899441646113166,0.12484403329184443,1.0,0.0
0.7899441646113166,0.12820903178179877,1.0,0.0
0.7899441646113166,0.13157403027175307,1.0,0.0
0.7899441646113166,0.1349390287617074,1.0,0.0
0.7899441646113166,0.13830402725166174,1.0,0.0
0.7899441646113166,0.14166902574161605,1.0,0.0
0.7899441646113166,0.14503402423157039,1.0,0.0
0.7899441646113166,0.14839902272152472,1.0,0.0
0.7899441646113166,0.15176402121147903,1.0,0.0
0.7899441646113166,0.15512901970143336,1.0,0.0
0.7899441646113166,0.1584940181913877,1.0,0.0
0.7899441646113166,0.161859016681342,1.0,0.0
0.7899441646113166,0.16522401517129634,1.0,0.0
0.7899441646113166,0.16858901366125065,1.0,0.0
0.7899441646113166,0.17195401215120498,1.0,0.0
0.7899441646113166,0.17531901064115932,1.0,0.0
0.7899441646113166,0.17868400913111362,1.0,0.0
0.7899441646113166,0.18204900762106796,1.0,0.0
0.7899441646113166,0.18541400611102227,1.0,0.0
0.7899441646113166,0.1887790046009766,1.0,0.0
0.7899441646113166,0.19214400309093094,1.0,0.0
0.7899441646113166,0.19550900158088524,1.0,0.0
0.7899441646113166,0.19887400007083958,1.0,0.0
0.7899441646113166,0.20223899856079391,1.0,0.0
0.7899441646113166,0.20560399705074822,1.0,0.0
0.7899441646113166,0.20896899554070256,1.0,0.0
0.7899441646113166,0.2123339940306569,1.0,0.0
0.7899441646113166,0.2156989925206112,1.0,0.0
0.7899441646113166,0.21906399101056553,1.0,0.0
0.7933091631012709,0.08446405141239255,1.0,0.0
0.7933091631012709,0.08782904990234687,1.0,0.0
0.7933091631012709,0.09119404839230119,1.0,0.0
0.7933091631012709,0.09455904688225551,1.0,0.0
0.7933091631012709,0.09792404537220983,1.0,0.0
0.7933091631012709,0.10128904386216417,1.0,0.0
0.7933091631012709,0.10465404235211849,1.0,0.0
0.7933091631012709,0.10801904084207281,1.0,0.0
0.7933091631012709,0.11138403933202715,1.0,0.0
0.7933091631012709,0.11474903782198147,1.0,0.0
0.7933091631012709,0.11811403631193579,1.0,0.0
0.7933091631012709,0.12147903480189011,1.0,0.0
0.7933091631012709,0.12484403329184443,1.0,0.0
0.7933091631012709,0.12820903178179877,1.0,0.0
0.7933091631012709,0.13157403027175307,1.0,0.0
0.7933091631012709,0.1349390287617074,1.0,0.0
0.7933091631012709,0.13830402725166174,1.0,0.0
0.7933091631012709,0.14166902574161605,1.0,0.0
0.7933091631012709,0.14503402423157039,1.0,0.0
0.7933091631012709,0.14839902272152472,1.0,0.0
0.7933091631012709,0.15176402121147903,1.0,0.0
0.7933091631012709,0.15512901970143336,1.0,0.0
0.7933091631012709,0.1584940181913877,1.0,0.0
0.7933091631012709,0.161859016681342,1.0,0.0
0.7933091631012709,0.16522401517129634,1.0,0.0
0.7933091631012709,0.16858901366125065,1.0,0.0
0.7933091631012709,0.17195401215120498,1.0,0.0
0.7933091631012709,0.17531901064115932,1.0,0.0
0.7933091631012709,0.17868400913111362,1.0,0.0
0.7933091631012709,0.18204900762106796,1.0,0.0
0.7933091631012709,0.18541400611102227,1.0,0.0
0.7933091631012709,0.1887790046009766,1.0,0.0
0.7933091631012709,0.19214400309093094,1.0,0.0
0.7933091631012709,0.19550900158088524,1.0,0.0
0.7933091631012709,0.19887400007083958,1.0,0.0
0.7933091631012709,0.20223899856079391,1.0,0.0
0.7933091631012709,0.20560399705074822,1.0,0.0
0.7933091631012709,0.20896899554070256,1.0,0.0
0.7933091631012709,0.2123339940306569,1.0,0.0
0.7933091631012709,0.2156989925206112,1.0,0.0
0.7933091631012709,0.21906399101056553,1.0,0.0
0.7966741615912252,0.08446405141239255,1.0,0.0
0.7966741615912252,0.08782904990234687,1.0,0.0
0.7966741615912252,0.09119404839230119,1.0,0.0
0.7966741615912252,0.09455904688225551,1.0,0.0
0.7966741615912252,0.09792404537220983,1.0,0.0
0.7966741615912252,0.10128904386216417,1.0,0.0
0.7966741615912252,0.10465404235211849,1.0,0.0
0.7966741615912252,0.10801904084207281,1.0,0.0
0.7966741615912252,0.11138403933202715,1.0,0.0
0.7966741615912252,0.11474903782198147,1.0,0.0
0.7966741615912252,0.11811403631193579,1.0,0.0
0.7966741615912252,0.12147903480189011,1.0,0.0
0.7966741615912252,0.12484403329184443,1.0,0.0
0.7966741615912252,0.12820903178179877,1.0,0.0
0.7966741615912252,0.13157403027175307,1.0,0.0
0.7966741615912252,0.1349390287617074,1.0,0.0
0.7966741615912252,0.13830402725166174,1.0,0.0
0.7966741615912252,0.14166902574161605,1.0,0.0
0.7966741615912252,0.14503402423157039,1.0,0.0
0.7966741615912252,0.14839902272152472,1.0,0.0
0.7966741615912252,0.15176402121147903,1.0,0.0
0.7966741615912252,0.15512901970143336,1.0,0.0
0.7966741615912252,0.1584940181913877,1.0,0.0
0.7966741615912252,0.161859016681342,1.0,0.0
0.7966741615912252,0.16522401517129634,1.0,0.0
0.7966741615912252,0.16858901366125065,1.0,0.0
0.7966741615912252,0.17195401215120498,1.0,0.0
0.7966741615912252,0.17531901064115932,1.0,0.0
0.7966741615912252,0.17868400913111362,1.0,0.0
0.7966741615912252,0.18204900762106796,1.0,0.0
0.7966741615912252,0.18541400611102227,1.0,0.0
0.7966741615912252,0.1887790046009766,1.0,0.0
0.7966741615912252,0.19214400309093094,1.0,0.0
0.7966741615912252,0.19550900158088524,1.0,0.0
0.7966741615912252,0.19887400007083958,1.0,0.0
0.7966741615912252,0.20223899856079391,1.0,0.0
0.7966741615912252,0.20560399705074822,1.0,0.0
0.7966741615912252,0.20896899554070256,1.0,0.0
0.7966741615912252,0.2123339940306569,1.0,0.0
0.7966741615912252,0.2156989925206112,1.0,0.0
0.7966741615912252,0.21906399101056553,1.0,0.0
0.8000391600811796,0.08446405141239255,1.0,0.0
0.8000391600811796,0.08782904990234687,1.0,0.0
0.8000391600811796,0.09119404839230119,1.0,0.0
0.8000391600811796,0.09455904688225551,1.0,0.0
0.8000391600811796,0.09792404537220983,1.0,0.0
0.8000391600811796,0.10128904386216417,1.0,0.0
0.8000391600811796,0.10465404235211849,1.0,0.0
0.8000391600811796,0.10801904084207281,1.0,0.0
0.8000391600811796,0.11138403933202715,1.0,0.0
0.8000391600811796,0.11474903782198147,1.0,0.0
0.8000391600811796,0.11811403631193579,1.0,0.0
0.8000391600811796,0.12147903480189011,1.0,0.0
0.8000391600811796,0.12484403329184443,1.0,0.0
0.8000391600811796,0.12820903178179877,1.0,0.0
0.8000391600811796,0.13157403027175307,1.0,0.0
0.8000391600811796,0.1349390287617074,1.0,0.0
0.8000391600811796,0.13830402725166174,1.0,0.0
0.8000391600811796,0.14166902574161605,1.0,0.0
0.8000391600811796,0.14503402423157039,1.0,0.0
0.8000391600811796,0.14839902272152472,1.0,0.0
0.8000391600811796,0.15176402121147903,1.0,0.0
0.8000391600811796,0.15512901970143336,1.0,0.0
0.8000391600811796,0.1584940181913877,1.0,0.0
0.8000391600811796,0.161859016681342,1.0,0.0
0.8000391600811796,0.16522401517129634,1.0,0.0
0.8000391600811796,0.16858901366125065,1.0,0.0
0.8000391600811796,0.17195401215120498,1.0,0.0
0.8000391600811796,0.17531901064115932,1.0,0.0
0.8000391600811796,0.17868400913111362,1.0,0.0
0.8000391600811796,0.18204900762106796,1.0,0.0
0.8000391600811796,0.18541400611102227,1.0,0.0
0.8000391600811796,0.1887790046009766,1.0,0.0
0.8000391600811796,0.19214400309093094,1.0,0.0
0.8000391600811796,0.19550900158088524,1.0,0.0
0.8000391600811796,0.19887400007083958,1.0,0.0
0.8000391600811796,0.20223899856079391,1.0,0.0
0.8000391600811796,0.20560399705074822,1.0,0.0
0.8000391600811796,0.20896899554070256,1.0,0.0
0.8000391600811796,0.2123339940306569,1.0,0.0
0.8000391600811796,0.2156989925206112,1.0,0.0
0.8000391600811796,0.21906399101056553,1.0,0.0
0.8034041585711339,0.08446405141239255,1.0,0.0
0.8034041585711339,0.08782904990234687,1.0,0.0
0.8034041585711339,0.09119404839230119,1.0,0.0
0.8034041585711339,0.09455904688225551,1.0,0.0
0.8034041585711339,0.09792404537220983,1.0,0.0
0.8034041585711339,0.10128904386216417,1.0,0.0
0.8034041585711339,0.10465404235211849,1.0,0.0
0.8034041585711339,0.10801904084207281,1.0,0.0
0.8034041585711339,0.11138403933202715,1.0,0.0
0.8034041585711339,0.11474903782198147,1.0,0.0
0.8034041585711339,0.11811403631193579,1.0,0.0
0.8034041585711339,0.12147903480189011,1.0,0.0
0.8034041585711339,0.12484403329184443,1.0,0.0
0.8034041585711339,0.12820903178179877,1.0,0.0
0.8034041585711339,0.13157403027175307,1.0,0.0
0.8034041585711339,0.1349390287617074,1.0,0.0
0.8034041585711339,0.13830402725166174,1.0,0.0
0.8034041585711339,0.14166902574161605,1.0,0.0
0.8034041585711339,0.14503402423157039,1.0,0.0
0.8034041585711339,0.14839902272152472,1.0,0.0
0.8034041585711339,0.15176402121147903,1.0,0.0
0.8034041585711339,0.15512901970143336,1.0,0.0
0.8034041585711339,0.1584940181913877,1.0,0.0
0.8034041585711339,0.161859016681342,1.0,0.0
0.8034041585711339,0.16522401517129634,1.0,0.0
0.8034041585711339,0.16858901366125065,1.0,0.0
0.8034041585711339,0.17195401215120498,1.0,0.0
0.8034041585711339,0.17531901064115932,1.0,0.0
0.8034041585711339,0.17868400913111362,1.0,0.0
0.8034041585711339,0.18204900762106796,1.0,0.0
0.8034041585711339,0.18541400611102227,1.0,0.0
0.8034041585711339,0.1887790046009766,1.0,0.0
0.8034041585711339,0.19214400309093094,1.0,0.0
0.8034041585711339,0.19550900158088524,1.0,0.0
0.8034041585711339,0.19887400007083958,1.0,0.0
0.8034041585711339,0.20223899856079391,1.0,0.0
0.8034041585711339,0.20560399705074822,1.0,0.0
0.8034041585711339,0.20896899554070256,1.0,0.0
0.8034041585711339,0.2123339940306569,1.0,0.0
0.8034041585711339,0.2156989925206112,1.0,0.0
0.8034041585711339,0.21906399101056553,1.0,0.0
0.8067691570610882,0.08782904990234687,1.0,0.0
0.8067691570610882,0.09119404839230119,1.0,0.0
0.8067691570610882,0.09455904688225551,1.0,0.0
0.8067691570610882,0.09792404537220983,1.0,0.0
0.8067691570610882,0.10128904386216417,1.0,0.0
0.8067691570610882,0.10465404235211849,1.0,0.0
0.8067691570610882,0.10801904084207281,1.0,0.0
0.8067691570610882,0.11138403933202715,1.0,0.0
0.8067691570610882,0.11474903782198147,1.0,0.0
0.8067691570610882,0.11811403631193579,1.0,0.0
0.8067691570610882,0.12147903480189011,1.0,0.0
0.8067691570610882,0.12484403329184443,1.0,0.0
0.8067691570610882,0.12820903178179877,1.0,0.0
0.8067691570610882,0.13157403027175307,1.0,0.0
0.8067691570610882,0.1349390287617074,1.0,0.0
0.8067691570610882,0.13830402725166174,1.0,0.0
0.8067691570610882,0.14166902574161605,1.0,0.0
0.8067691570610882,0.14503402423157039,1.0,0.0
0.8067691570610882,0.14839902272152472,1.0,0.0
0.8067691570610882,0.15176402121147903,1.0,0.0
0.8067691570610882,0.15512901970143336,1.0,0.0
0.8067691570610882,0.1584940181913877,1.0,0.0
0.8067691570610882,0.161859016681342,1.0,0.0
0.8067691570610882,0.16522401517129634,1.0,0.0
0.8067691570610882,0.16858901366125065,1.0,0.0
0.8067691570610882,0.17195401215120498,1.0,0.0
0.8067691570610882,0.17531901064115932,1.0,0.0
0.8067691570610882,0.17868400913111362,1.0,0.0
0.8067691570610882,0.18204900762106796,1.0,0.0
0.8067691570610882,0.18541400611102227,1.0,0.0
0.8067691570610882,0.1887790046009766,1.0,0.0
0.8067691570610882,0.19214400309093094,1.0,0.0
0.8067691570610882,0.19550900158088524,1.0,0.0
0.8067691570610882,0.19887400007083958,1.0,0.0
0.8067691570610882,0.20223899856079391,1.0,0.0
0.8067691570610882,0.20560399705074822,1.0,0.0
0.8067691570610882,0.20896899554070256,1.0,0.0
0.8067691570610882,0.2123339940306569,1.0,0.0
0.8067691570610882,0.2156989925206112,1.0,0.0
0.8067691570610882,0.21906399101056553,1.0,0.0
0.8101341555510425,0.08782904990234687,1.0,0.0
0.8101341555510425,0.09119404839230119,1.0,0.0
0.8101341555510425,0.09455904688225551,1.0,0.0
0.8101341555510425,0.09792404537220983,1.0,0.0
0.8101341555510425,0.10128904386216417,1.0,0.0
0.8101341555510425,0.10465404235211849,1.0,0.0
0.8101341555510425,0.10801904084207281,1.0,0.0
0.8101341555510425,0.11138403933202715,1.0,0.0
0.8101341555510425,0.11474903782198147,1.0,0.0
0.8101341555510425,0.11811403631193579,1.0,0.0
0.8101341555510425,0.12147903480189011,1.0,0.0
0.8101341555510425,0.12484403329184443,1.0,0.0
0.8101341555510425,0.12820903178179877,1.0,0.0
0.8101341555510425,0.13157403027175307,1.0,0.0
0.8101341555510425,0.1349390287617074,1.0,0.0
0.8101341555510425,0.13830402725166174,1.0,0.0
0.8101341555510425,0.14166902574161605,1.0,0.0
0.8101341555510425,0.14503402423157039,1.0,0.0
0.8101341555510425,0.14839902272152472,1.0,0.0
0.8101341555510425,0.15176402121147903,1.0,0.0
0.8101341555510425,0.15512901970143336,1.0,0.0
0.8101341555510425,0.1584940181913877,1.0,0.0
0.8101341555510425,0.161859016681342,1.0,0.0
0.8101341555510425,0.16522401517129634,1.0,0.0
0.8101341555510425,0.16858901366125065,1.0,0.0
0.8101341555510425,0.17195401215120498,1.0,0.0
0.8101341555510425,0.17531901064115932,1.0,0.0
0.8101341555510425,0.17868400913111362,1.0,0.0
0.8101341555510425,0.18204900762106796,1.0,0.0
0.8101341555510425,0.18541400611102227,1.0,0.0
0.8101341555510425,0.1887790046009766,1.0,0.0
0.8101341555510425,0.19214400309093094,1.0,0.0
0.8101341555510425,0.19550900158088524,1.0,0.0
0.8101341555510425,0.19887400007083958,1.0,0.0
0.8101341555510425,0.20223899856079391,1.0,0.0
0.8101341555510425,0.20560399705074822,1.0,0.0
0.8101341555510425,0.20896899554070256,1.0,0.0
0.8101341555510425,0.2123339940306569,1.0,0.0
0.8101341555510425,0.2156989925206112,1.0,0.0
0.8101341555510425,0.21906399101056553,1.0,0.0
0.8134991540409968,0.08782904990234687,1.0,0.0
0.8134991540409968,0.09119404839230119,1.0,0.0
0.8134991540409968,0.09455904688225551,1.0,0.0
0.8134991540409968,0.09792404537220983,1.0,0.0
0.8134991540409968,0.10128904386216417,1.0,0.0
0.8134991540409968,0.10465404235211849,1.0,0.0
0.8134991540409968,0.10801904084207281,1.0,0.0
0.8134991540409968,0.11138403933202715,1.0,0.0
0.8134991540409968,0.11474903782198147,1.0,0.0
0.8134991540409968,0.11811403631193579,1.0,0.0
0.8134991540409968,0.12147903480189011,1.0,0.0
0.8134991540409968,0.12484403329184443,1.0,0.0
0.8134991540409968,0.12820903178179877,1.0,0.0
0.8134991540409968,0.13157403027175307,1.0,0.0
0.8134991540409968,0.1349390287617074,1.0,0.0
0.8134991540409968,0.13830402725166174,1.0,0.0
0.8134991540409968,0.14166902574161605,1.0,0.0
0.8134991540409968,0.14503402423157039,1.0,0.0
0.8134991540409968,0.14839902272152472,1.0,0.0
0.8134991540409968,0.15176402121147903,1.0,0.0
0.8134991540409968,0.15512901970143336,1.0,0.0
0.8134991540409968,0.1584940181913877,1.0,0.0
0.8134991540409968,0.161859016681342,1.0,0.0
0.8134991540409968,0.16522401517129634,1.0,0.0
0.8134991540409968,0.16858901366125065,1.0,0.0
0.8134991540409968,0.17195401215120498,1.0,0.0
0.8134991540409968,0.17531901064115932,1.0,0.0
0.8134991540409968,0.17868400913111362,1.0,0.0
0.8134991540409968,0.18204900762106796,1.0,0.0
0.8134991540409968,0.18541400611102227,1.0,0.0
0.8134991540409968,0.1887790046009766,1.0,0.0
0.8134991540409968,0.19214400309093094,1.0,0.0
0.8134991540409968,0.19550900158088524,1.0,0.0
0.8134991540409968,0.19887400007083958,1.0,0.0
0.8134991540409968,0.20223899856079391,1.0,0.0
0.8134991540409968,0.20560399705074822,1.0,0.0
0.8134991540409968,0.20896899554070256,1.0,0.0
0.8134991540409968,0.2123339940306569,1.0,0.0
0.8134991540409968,0.2156989925206112,1.0,0.0
0.8168641525309512,0.09119404839230119,1.0,0.0
0.8168641525309512,0.09455904688225551,1.0,0.0
0.8168641525309512,0.09792404537220983,1.0,0.0
0.8168641525309512,0.10128904386216417,1.0,0.0
0.8168641525309512,0.10465404235211849,1.0,0.0
0.8168641525309512,0.10801904084207281,1.0,0.0
0.8168641525309512,0.11138403933202715,1.0,0.0
0.8168641525309512,0.11474903782198147,1.0,0.0
0.8168641525309512,0.11811403631193579,1.0,0.0
0.8168641525309512,0.12147903480189011,1.0,0.0
0.8168641525309512,0.12484403329184443,1.0,0.0
0.8168641525309512,0.12820903178179877,1.0,0.0
0.8168641525309512,0.13157403027175307,1.0,0.0
0.8168641525309512,0.1349390287617074,1.0,0.0
0.8168641525309512,0.13830402725166174,1.0,0.0
0.8168641525309512,0.14166902574161605,1.0,0.0
0.8168641525309512,0.14503402423157039,1.0,0.0
0.8168641525309512,0.14839902272152472,1.0,0.0
0.8168641525309512,0.15176402121147903,1.0,0.0
0.8168641525309512,0.15512901970143336,1.0,0.0
0.8168641525309512,0.1584940181913877,1.0,0.0
0.8168641525309512,0.161859016681342,1.0,0.0
0.8168641525309512,0.16522401517129634,1.0,0.0
0.8168641525309512,0.16858901366125065,1.0,0.0
0.8168641525309512,0.17195401215120498,1.0,0.0
0.8168641525309512,0.17531901064115932,1.0,0.0
0.8168641525309512,0.17868400913111362,1.0,0.0
0.8168641525309512,0.18204900762106796,1.0,0.0
0.8168641525309512,0.18541400611102227,1.0,0.0
0.8168641525309512,0.1887790046009766,1.0,0.0
0.8168641525309512,0.19214400309093094,1.0,0.0
0.8168641525309512,0.19550900158088524,1.0,0.0
0.8168641525309512,0.19887400007083958,1.0,0.0
0.8168641525309512,0.20223899856079391,1.0,0.0
0.8168641525309512,0.20560399705074822,1.0,0.0
0.8168641525309512,0.20896899554070256,1.0,0.0
0.8168641525309512,0.2123339940306569,1.0,0.0
0.8168641525309512,0.2156989925206112,1.0,0.0
0.8202291510209055,0.09119404839230119,1.0,0.0
0.8202291510209055,0.09455904688225551,1.0,0.0
0.8202291510209055,0.09792404537220983,1.0,0.0
0.8202291510209055,0.10128904386216417,1.0,0.0
0.8202291510209055,0.10465404235211849,1.0,0.0
0.8202291510209055,0.10801904084207281,1.0,0.0
0.8202291510209055,0.11138403933202715,1.0,0.0
0.8202291510209055,0.11474903782198147,1.0,0.0
0.8202291510209055,0.11811403631193579,1.0,0.0
0.8202291510209055,0.12147903480189011,1.0,0.0
0.8202291510209055,0.12484403329184443,1.0,0.0
0.8202291510209055,0.12820903178179877,1.0,0.0
0.8202291510209055,0.13157403027175307,1.0,0.0
0.8202291510209055,0.1349390287617074,1.0,0.0
0.8202291510209055,0.13830402725166174,1.0,0.0
0.8202291510209055,0.14166902574161605,1.0,0.0
0.8202291510209055,0.14503402423157039,1.0,0.0
0.8202291510209055,0.14839902272152472,1.0,0.0
0.8202291510209055,0.15176402121147903,1.0,0.0
0.8202291510209055,0.15512901970143336,1.0,0.0
0.8202291510209055,0.1584940181913877,1.0,0.0
0.8202291510209055,0.161859016681342,1.0,0.0
0.8202291510209055,0.16522401517129634,1.0,0.0
0.8202291510209055,0.16858901366125065,1.0,0.0
0.8202291510209055,0.17195401215120498,1.0,0.0
0.8202291510209055,0.17531901064115932,1.0,0.0
0.8202291510209055,0.17868400913111362,1.0,0.0
0.8202291510209055,0.18204900762106796,1.0,0.0
0.8202291510209055,0.18541400611102227,1.0,0.0
0.8202291510209055,0.1887790046009766,1.0,0.0
0.8202291510209055,0.19214400309093094,1.0,0.0
0.8202291510209055,0.19550900158088524,1.0,0.0
0.8202291510209055,0.19887400007083958,1.0,0.0
0.8202291510209055,0.20223899856079391,1.0,0.0
0.8202291510209055,0.20560399705074822,1.0,0.0
0.8202291510209055,0.20896899554070256,1.0,0.0
0.8202291510209055,0.2123339940306569,1.0,0.0
0.8202291510209055,0.2156989925206112,1.0,0.0
0.8235941495108599,0.09119404839230119,1.0,0.0
0.8235941495108599,0.09455904688225551,1.0,0.0
0.8235941495108599,0.09792404537220983,1.0,0.0
0.8235941495108599,0.10128904386216417,1.0,0.0
0.8235941495108599,0.10465404235211849,1.0,0.0
0.8235941495108599,0.10801904084207281,1.0,0.0
0.8235941495108599,0.11138403933202715,1.0,0.0
0.8235941495108599,0.11474903782198147,1.0,0.0
0.8235941495108599,0.11811403631193579,1.0,0.0
0.8235941495108599,0.12147903480189011,1.0,0.0
0.8235941495108599,0.12484403329184443,1.0,0.0
0.8235941495108599,0.12820903178179877,1.0,0.0
0.8235941495108599,0.13157403027175307,1.0,0.0
0.8235941495108599,0.1349390287617074,1.0,0.0
0.8235941495108599,0.13830402725166174,1.0,0.0
0.8235941495108599,0.14166902574161605,1.0,0.0
0.8235941495108599,0.14503402423157039,1.0,0.0
0.8235941495108599,0.14839902272152472,1.0,0.0
0.8235941495108599,0.15176402121147903,1.0,0.0
0.8235941495108599,0.15512901970143336,1.0,0.0
0.8235941495108599,0.1584940181913877,1.0,0.0
0.8235941495108599,0.161859016681342,1.0,0.0
0.8235941495108599,0.16522401517129634,1.0,0.0
0.8235941495108599,0.16858901366125065,1.0,0.0
0.8235941495108599,0.17195401215120498,1.0,0.0
0.8235941495108599,0.17531901064115932,1.0,0.0
0.8235941495108599,0.17868400913111362,1.0,0.0
0.8235941495108599,0.18204900762106796,1.0,0.0
0.8235941495108599,0.18541400611102227,1.0,0.0
0.8235941495108599,0.1887790046009766,1.0,0.0
0.8235941495108599,0.19214400309093094,1.0,0.0
0.8235941495108599,0.19550900158088524,1.0,0.0
0.8235941495108599,0.19887400007083958,1.0,0.0
0.8235941495108599,0.20223899856079391,1.0,0.0
0.8235941495108599,0.20560399705074822,1.0,0.0
0.8235941495108599,0.20896899554070256,1.0,0.0
0.8235941495108599,0.2123339940306569,1.0,0.0
0.8235941495108599,0.2156989925206112,1.0,0.0
0.8269591480008142,0.09119404839230119,1.0,0.0
0.8269591480008142,0.09455904688225551,1.0,0.0
0.8269591480008142,0.09792404537220983,1.0,0.0
0.8269591480008142,0.10128904386216417,1.0,0.0
0.8269591480008142,0.10465404235211849,1.0,0.0
0.8269591480008142,0.10801904084207281,1.0,0.0
0.8269591480008142,0.11138403933202715,1.0,0.0
0.8269591480008142,0.11474903782198147,1.0,0.0
0.8269591480008142,0.11811403631193579,1.0,0.0
0.8269591480008142,0.12147903480189011,1.0,0.0
0.8269591480008142,0.12484403329184443,1.0,0.0
0.8269591480008142,0.12820903178179877,1.0,0.0
0.8269591480008142,0.13157403027175307,1.0,0.0
0.8269591480008142,0.1349390287617074,1.0,0.0
0.8269591480008142,0.13830402725166174,1.0,0.0
0.8269591480008142,0.14166902574161605,1.0,0.0
0.8269591480008142,0.14503402423157039,1.0,0.0
0.8269591480008142,0.14839902272152472,1.0,0.0
0.8269591480008142,0.15176402121147903,1.0,0.0
0.8269591480008142,0.15512901970143336,1.0,0.0
0.8269591480008142,0.1584940181913877,1.0,0.0
0.8269591480008142,0.161859016681342,1.0,0.0
0.8269591480008142,0.16522401517129634,1.0,0.0
0.8269591480008142,0.16858901366125065,1.0,0.0
0.8269591480008142,0.17195401215120498,1.0,0.0
0.8269591480008142,0.17531901064115932,1.0,0.0
0.8269591480008142,0.17868400913111362,1.0,0.0
0.8269591480008142,0.18204900762106796,1.0,0.0
0.8269591480008142,0.18541400611102227,1.0,0.0
0.8269591480008142,0.1887790046009766,1.0,0.0
0.8269591480008142,0.19214400309093094,1.0,0.0
0.8269591480008142,0.19550900158088524,1.0,0.0
0.8269591480008142,0.19887400007083958,1.0,0.0
0.8269591480008142,0.20223899856079391,1.0,0.0
0.8269591480008142,0.20560399705074822,1.0,0.0
0.8269591480008142,0.20896899554070256,1.0,0.0
0.8269591480008142,0.2123339940306569,1.0,0.0
0.8269591480008142,0.2156989925206112,1.0,0.0
0.8303241464907685,0.09455904688225551,1.0,0.0
0.8303241464907685,0.09792404537220983,1.0,0.0
0.8303241464907685,0.10128904386216417,1.0,0.0
0.8303241464907685,0.10465404235211849,1.0,0.0
0.8303241464907685,0.10801904084207281,1.0,0.0
0.8303241464907685,0.11138403933202715,1.0,0.0
0.8303241464907685,0.11474903782198147,1.0,0.0
0.8303241464907685,0.11811403631193579,1.0,0.0
0.8303241464907685,0.12147903480189011,1.0,0.0
0.8303241464907685,0.12484403329184443,1.0,0.0
0.8303241464907685,0.12820903178179877,1.0,0.0
0.8303241464907685,0.13157403027175307,1.0,0.0
0.8303241464907685,0.1349390287617074,1.0,0.0
0.8303241464907685,0.13830402725166174,1.0,0.0
0.8303241464907685,0.14166902574161605,1.0,0.0
0.8303241464907685,0.14503402423157039,1.0,0.0
0.8303241464907685,0.14839902272152472,1.0,0.0
0.8303241464907685,0.15176402121147903,1.0,0.0
0.8303241464907685,0.15512901970143336,1.0,0.0
0.8303241464907685,0.1584940181913877,1.0,0.0
0.8303241464907685,0.161859016681342,1.0,0.0
0.8303241464907685,0.16522401517129634,1.0,0.0
0.8303241464907685,0.16858901366125065,1.0,0.0
0.8303241464907685,0.17195401215120498,1.0,0.0
0.8303241464907685,0.17531901064115932,1.0,0.0
0.8303241464907685,0.17868400913111362,1.0,0.0
0.8303241464907685,0.18204900762106796,1.0,0.0
0.8303241464907685,0.18541400611102227,1.0,0.0
0.8303241464907685,0.1887790046009766,1.0,0.0
0.8303241464907685,0.19214400309093094,1.0,0.0
0.8303241464907685,0.19550900158088524,1.0,0.0
0.8303241464907685,0.19887400007083958,1.0,0.0
0.8303241464907685,0.20223899856079391,1.0,0.0
0.8303241464907685,0.20560399705074822,1.0,0.0
0.8303241464907685,0.20896899554070256,1.0,0.0
0.8303241464907685,0.2123339940306569,1.0,0.0
0.8303241464907685,0.2156989925206112,1.0,0.0
0.8336891449807229,0.09455904688225551,1.0,0.0
0.8336891449807229,0.09792404537220983,1.0,0.0
0.8336891449807229,0.10128904386216417,1.0,0.0
0.8336891449807229,0.10465404235211849,1.0,0.0
0.8336891449807229,0.10801904084207281,1.0,0.0
0.8336891449807229,0.11138403933202715,1.0,0.0
0.8336891449807229,0.11474903782198147,1.0,0.0
0.8336891449807229,0.11811403631193579,1.0,0.0
0.8336891449807229,0.12147903480189011,1.0,0.0
0.8336891449807229,0.12484403329184443,1.0,0.0
0.8336891449807229,0.12820903178179877,1.0,0.0
0.8336891449807229,0.13157403027175307,1.0,0.0
0.8336891449807229,0.1349390287617074,1.0,0.0
0.8336891449807229,0.13830402725166174,1.0,0.0
0.8336891449807229,0.14166902574161605,1.0,0.0
0.8336891449807229,0.14503402423157039,1.0,0.0
0.8336891449807229,0.14839902272152472,1.0,0.0
0.8336891449807229,0.15176402121147903,1.0,0.0
0.8336891449807229,0.15512901970143336,1.0,0.0
0.8336891449807229,0.1584940181913877,1.0,0.0
0.8336891449807229,0.161859016681342,1.0,0.0
0.8336891449807229,0.16522401517129634,1.0,0.0
0.8336891449807229,0.16858901366125065,1.0,0.0
0.8336891449807229,0.17195401215120498,1.0,0.0
0.8336891449807229,0.17531901064115932,1.0,0.0
0.8336891449807229,0.17868400913111362,1.0,0.0
0.8336891449807229,0.18204900762106796,1.0,0.0
0.8336891449807229,0.18541400611102227,1.0,0.0
0.8336891449807229,0.1887790046009766,1.0,0.0
0.8336891449807229,0.19214400309093094,1.0,0.0
0.8336891449807229,0.19550900158088524,1.0,0.0
0.8336891449807229,0.19887400007083958,1.0,0.0
0.8336891449807229,0.20223899856079391,1.0,0.0
0.8336891449807229,0.20560399705074822,1.0,0.0
0.8336891449807229,0.20896899554070256,1.0,0.0
0.8336891449807229,0.2123339940306569,1.0,0.0
0.8336891449807229,0.2156989925206112,1.0,0.0
0.8370541434706772,0.09455904688225551,1.0,0.0
0.8370541434706772,0.09792404537220983,1.0,0.0
0.8370541434706772,0.10128904386216417,1.0,0.0
0.8370541434706772,0.10465404235211849,1.0,0.0
0.8370541434706772,0.10801904084207281,1.0,0.0
0.8370541434706772,0.11138403933202715,1.0,0.0
0.8370541434706772,0.11474903782198147,1.0,0.0
0.8370541434706772,0.11811403631193579,1.0,0.0
0.8370541434706772,0.12147903480189011,1.0,0.0
0.8370541434706772,0.12484403329184443,1.0,0.0
0.8370541434706772,0.12820903178179877,1.0,0.0
0.8370541434706772,0.13157403027175307,1.0,0.0
0.8370541434706772,0.1349390287617074,1.0,0.0
0.8370541434706772,0.13830402725166174,1.0,0.0
0.8370541434706772,0.14166902574161605,1.0,0.0
0.8370541434706772,0.14503402423157039,1.0,0.0
0.8370541434706772,0.14839902272152472,1.0,0.0
0.8370541434706772,0.15176402121147903,1.0,0.0
0.8370541434706772,0.15512901970143336,1.0,0.0
0.8370541434706772,0.1584940181913877,1.0,0.0
0.8370541434706772,0.161859016681342,1.0,0.0
0.8370541434706772,0.16522401517129634,1.0,0.0
0.8370541434706772,0.16858901366125065,1.0,0.0
0.8370541434706772,0.17195401215120498,1.0,0.0
0.8370541434706772,0.17531901064115932,1.0,0.0
0.8370541434706772,0.17868400913111362,1.0,0.0
0.8370541434706772,0.18204900762106796,1.0,0.0
0.8370541434706772,0.18541400611102227,1.0,0.0
0.8370541434706772,0.1887790046009766,1.0,0.0
0.8370541434706772,0.19214400309093094,1.0,0.0
0.8370541434706772,0.19550900158088524,1.0,0.0
0.8370541434706772,0.19887400007083958,1.0,0.0
0.8370541434706772,0.20223899856079391,1.0,0.0
0.8370541434706772,0.20560399705074822,1.0,0.0
0.8370541434706772,0.20896899554070256,1.0,0.0
0.8404191419606315,0.09455904688225551,1.0,0.0
0.8404191419606315,0.09792404537220983,1.0,0.0
0.8404191419606315,0.10128904386216417,1.0,0.0
0.8404191419606315,0.10465404235211849,1.0,0.0
0.8404191419606315,0.10801904084207281,1.0,0.0
0.8404191419606315,0.11138403933202715,1.0,0.0
0.8404191419606315,0.11474903782198147,1.0,0.0
0.8404191419606315,0.11811403631193579,1.0,0.0
0.8404191419606315,0.12147903480189011,1.0,0.0
0.8404191419606315,0.12484403329184443,1.0,0.0
0.8404191419606315,0.12820903178179877,1.0,0.0
0.8404191419606315,0.13157403027175307,1.0,0.0
0.8404191419606315,0.1349390287617074,1.0,0.0
0.8404191419606315,0.13830402725166174,1.0,0.0
0.8404191419606315,0.14166902574161605,1.0,0.0
0.8404191419606315,0.14503402423157039,1.0,0.0
0.8404191419606315,0.14839902272152472,1.0,0.0
0.8404191419606315,0.15176402121147903,1.0,0.0
0.8404191419606315,0.15512901970143336,1.0,0.0
0.8404191419606315,0.1584940181913877,1.0,0.0
0.8404191419606315,0.161859016681342,1.0,0.0
0.8404191419606315,0.16522401517129634,1.0,0.0
0.8404191419606315,0.16858901366125065,1.0,0.0
0.8404191419606315,0.17195401215120498,1.0,0.0
0.8404191419606315,0.17531901064115932,1.0,0.0
0.8404191419606315,0.17868400913111362,1.0,0.0
0.8404191419606315,0.18204900762106796,1.0,0.0
0.8404191419606315,0.18541400611102227,1.0,0.0
0.8404191419606315,0.1887790046009766,1.0,0.0
0.8404191419606315,0.19214400309093094,1.0,0.0
0.8404191419606315,0.19550900158088524,1.0,0.0
0.8404191419606315,0.19887400007083958,1.0,0.0
0.8404191419606315,0.20223899856079391,1.0,0.0
0.8404191419606315,0.20560399705074822,1.0,0.0
0.8404191419606315,0.20896899554070256,1.0,0.0
0.8437841404505858,0.09792404537220983,1.0,0.0
0.8437841404505858,0.10128904386216417,1.0,0.0
0.8437841404505858,0.10465404235211849,1.0,0.0
0.8437841404505858,0.10801904084207281,1.0,0.0
0.8437841404505858,0.11138403933202715,1.0,0.0
0.8437841404505858,0.11474903782198147,1.0,0.0
0.8437841404505858,0.11811403631193579,1.0,0.0
0.8437841404505858,0.12147903480189011,1.0,0.0
0.8437841404505858,0.12484403329184443,1.0,0.0
0.8437841404505858,0.12820903178179877,1.0,0.0
0.8437841404505858,0.13157403027175307,1.0,0.0
0.8437841404505858,0.1349390287617074,1.0,0.0
0.8437841404505858,0.13830402725166174,1.0,0.0
0.8437841404505858,0.14166902574161605,1.0,0.0
0.8437841404505858,0.14503402423157039,1.0,0.0
0.8437841404505858,0.14839902272152472,1.0,0.0
0.8437841404505858,0.15176402121147903,1.0,0.0
0.8437841404505858,0.15512901970143336,1.0,0.0
0.8437841404505858,0.1584940181913877,1.0,0.0
0.8437841404505858,0.161859016681342,1.0,0.0
0.8437841404505858,0.16522401517129634,1.0,0.0
0.8437841404505858,0.16858901366125065,1.0,0.0
0.8437841404505858,0.17195401215120498,1.0,0.0
0.8437841404505858,0.17531901064115932,1.0,0.0
0.8437841404505858,0.17868400913111362,1.0,0.0
0.8437841404505858,0.18204900762106796,1.0,0.0
0.8437841404505858,0.18541400611102227,1.0,0.0
0.8437841404505858,0.1887790046009766,1.0,0.0
0.8437841404505858,0.19214400309093094,1.0,0.0
0.8437841404505858,0.19550900158088524,1.0,0.0
0.8437841404505858,0.19887400007083958,1.0,0.0
0.8437841404505858,0.20223899856079391,1.0,0.0
0.8437841404505858,0.20560399705074822,1.0,0.0
0.8437841404505858,0.23252398497038282,1.0,0.0
0.8471491389405401,0.10465404235211849,1.0,0.0
0.8471491389405401,0.10801904084207281,1.0,0.0
0.8471491389405401,0.11138403933202715,1.0,0.0
0.8471491389405401,0.11474903782198147,1.0,0.0
0.8471491389405401,0.11811403631193579,1.0,0.0
0.8471491389405401,0.12147903480189011,1.0,0.0
0.8471491389405401,0.12484403329184443,1.0,0.0
0.8471491389405401,0.12820903178179877,1.0,0.0
0.8471491389405401,0.13157403027175307,1.0,0.0
0.8471491389405401,0.1349390287617074,1.0,0.0
0.8471491389405401,0.13830402725166174,1.0,0.0
0.8471491389405401,0.14166902574161605,1.0,0.0
0.8471491389405401,0.14503402423157039,1.0,0.0
0.8471491389405401,0.14839902272152472,1.0,0.0
0.8471491389405401,0.15176402121147903,1.0,0.0
0.8471491389405401,0.15512901970143336,1.0,0.0
0.8471491389405401,0.1584940181913877,1.0,0.0
0.8471491389405401,0.161859016681342,1.0,0.0
0.8471491389405401,0.16522401517129634,1.0,0.0
0.8471491389405401,0.16858901366125065,1.0,0.0
0.8471491389405401,0.17195401215120498,1.0,0.0
0.8471491389405401,0.17531901064115932,1.0,0.0
0.8471491389405401,0.17868400913111362,1.0,0.0
0.8471491389405401,0.18204900762106796,1.0,0.0
0.8471491389405401,0.18541400611102227,1.0,0.0
0.8471491389405401,0.1887790046009766,1.0,0.0
0.8471491389405401,0.19214400309093094,1.0,0.0
0.8471491389405401,0.19550900158088524,1.0,0.0
0.8471491389405401,0.19887400007083958,1.0,0.0
0.8471491389405401,0.20223899856079391,1.0,0.0
0.8471491389405401,0.20560399705074822,1.0,0.0
0.8471491389405401,0.22579398799047418,1.0,0.0
0.8505141374304944,0.10128904386216417,1.0,0.0
0.8505141374304944,0.10465404235211849,1.0,0.0
0.8505141374304944,0.10801904084207281,1.0,0.0
0.8505141374304944,0.11138403933202715,1.0,0.0
0.8505141374304944,0.11474903782198147,1.0,0.0
0.8505141374304944,0.11811403631193579,1.0,0.0
0.8505141374304944,0.12147903480189011,1.0,0.0
0.8505141374304944,0.12484403329184443,1.0,0.0
0.8505141374304944,0.12820903178179877,1.0,0.0
0.8505141374304944,0.13157403027175307,1.0,0.0
0.8505141374304944,0.1349390287617074,1.0,0.0
0.8505141374304944,0.13830402725166174,1.0,0.0
0.8505141374304944,0.14166902574161605,1.0,0.0
0.8505141374304944,0.14503402423157039,1.0,0.0
0.8505141374304944,0.14839902272152472,1.0,0.0
0.8505141374304944,0.15176402121147903,1.0,0.0
0.8505141374304944,0.15512901970143336,1.0,0.0
0.8505141374304944,0.1584940181913877,1.0,0.0
0.8505141374304944,0.161859016681342,1.0,0.0
0.8505141374304944,0.16522401517129634,1.0,0.0
0.8505141374304944,0.16858901366125065,1.0,0.0
0.8505141374304944,0.17195401215120498,1.0,0.0
0.8505141374304944,0.17531901064115932,1.0,0.0
0.8505141374304944,0.17868400913111362,1.0,0.0
0.8505141374304944,0.18204900762106796,1.0,0.0
0.8505141374304944,0.18541400611102227,1.0,0.0
0.8505141374304944,0.1887790046009766,1.0,0.0
0.8505141374304944,0.19214400309093094,1.0,0.0
0.8505141374304944,0.19550900158088524,1.0,0.0
0.8505141374304944,0.19887400007083958,1.0,0.0
0.8505141374304944,0.20223899856079391,1.0,0.0
0.8505141374304944,0.20560399705074822,1.0,0.0
0.8505141374304944,0.21906399101056553,1.0,0.0
0.8538791359204488,0.10465404235211849,1.0,0.0
0.8538791359204488,0.10801904084207281,1.0,0.0
0.8538791359204488,0.11138403933202715,1.0,0.0
0.8538791359204488,0.11474903782198147,1.0,0.0
0.8538791359204488,0.11811403631193579,1.0,0.0
0.8538791359204488,0.12147903480189011,1.0,0.0
0.8538791359204488,0.12484403329184443,1.0,0.0
0.8538791359204488,0.12820903178179877,1.0,0.0
0.8538791359204488,0.13157403027175307,1.0,0.0
0.8538791359204488,0.1349390287617074,1.0,0.0
0.8538791359204488,0.13830402725166174,1.0,0.0
0.8538791359204488,0.14166902574161605,1.0,0.0
0.8538791359204488,0.14503402423157039,1.0,0.0
0.8538791359204488,0.14839902272152472,1.0,0.0
0.8538791359204488,0.15176402121147903,1.0,0.0
0.8538791359204488,0.15512901970143336,1.0,0.0
0.8538791359204488,0.1584940181913877,1.0,0.0
0.8538791359204488,0.161859016681342,1.0,0.0
0.8538791359204488,0.16522401517129634,1.0,0.0
0.8538791359204488,0.16858901366125065,1.0,0.0
0.8538791359204488,0.17195401215120498,1.0,0.0
0.8538791359204488,0.17531901064115932,1.0,0.0
0.8538791359204488,0.17868400913111362,1.0,0.0
0.8538791359204488,0.18204900762106796,1.0,0.0
0.8538791359204488,0.18541400611102227,1.0,0.0
0.8538791359204488,0.1887790046009766,1.0,0.0
0.8538791359204488,0.19214400309093094,1.0,0.0
0.8538791359204488,0.19550900158088524,1.0,0.0
0.8538791359204488,0.19887400007083958,1.0,0.0
0.8538791359204488,0.20223899856079391,1.0,0.0
0.8538791359204488,0.20560399705074822,1.0,0.0
0.8538791359204488,0.20896899554070256,1.0,0.0
0.8538791359204488,0.2156989925206112,1.0,0.0
0.8572441344104031,0.10465404235211849,1.0,0.0
0.8572441344104031,0.10801904084207281,1.0,0.0
0.8572441344104031,0.11138403933202715,1.0,0.0
0.8572441344104031,0.11474903782198147,1.0,0.0
0.8572441344104031,0.11811403631193579,1.0,0.0
0.8572441344104031,0.12147903480189011,1.0,0.0
0.8572441344104031,0.12484403329184443,1.0,0.0
0.8572441344104031,0.12820903178179877,1.0,0.0
0.8572441344104031,0.13157403027175307,1.0,0.0
0.8572441344104031,0.1349390287617074,1.0,0.0
0.8572441344104031,0.13830402725166174,1.0,0.0
0.8572441344104031,0.14166902574161605,1.0,0.0
0.8572441344104031,0.14503402423157039,1.0,0.0
0.8572441344104031,0.14839902272152472,1.0,0.0
0.8572441344104031,0.15176402121147903,1.0,0.0
0.8572441344104031,0.15512901970143336,1.0,0.0
0.8572441344104031,0.1584940181913877,1.0,0.0
0.8572441344104031,0.161859016681342,1.0,0.0
0.8572441344104031,0.16522401517129634,1.0,0.0
0.8572441344104031,0.16858901366125065,1.0,0.0
0.8572441344104031,0.17195401215120498,1.0,0.0
0.8572441344104031,0.17531901064115932,1.0,0.0
0.8572441344104031,0.17868400913111362,1.0,0.0
0.8572441344104031,0.18204900762106796,1.0,0.0
0.8572441344104031,0.18541400611102227,1.0,0.0
0.8572441344104031,0.1887790046009766,1.0,0.0
0.8572441344104031,0.19214400309093094,1.0,0.0
0.8572441344104031,0.19550900158088524,1.0,0.0
0.8572441344104031,0.19887400007083958,1.0,0.0
0.8572441344104031,0.20223899856079391,1.0,0.0
0.8572441344104031,0.2156989925206112,1.0,0.0
0.8606091329003575,0.10465404235211849,1.0,0.0
0.8606091329003575,0.10801904084207281,1.0,0.0
0.8606091329003575,0.11138403933202715,1.0,0.0
0.8606091329003575,0.11474903782198147,1.0,0.0
0.8606091329003575,0.11811403631193579,1.0,0.0
0.8606091329003575,0.12147903480189011,1.0,0.0
0.8606091329003575,0.12484403329184443,1.0,0.0
0.8606091329003575,0.12820903178179877,1.0,0.0
0.8606091329003575,0.13157403027175307,1.0,0.0
0.8606091329003575,0.1349390287617074,1.0,0.0
0.8606091329003575,0.13830402725166174,1.0,0.0
0.8606091329003575,0.14166902574161605,1.0,0.0
0.8606091329003575,0.14503402423157039,1.0,0.0
0.8606091329003575,0.14839902272152472,1.0,0.0
0.8606091329003575,0.15176402121147903,1.0,0.0
0.8606091329003575,0.15512901970143336,1.0,0.0
0.8606091329003575,0.1584940181913877,1.0,0.0
0.8606091329003575,0.161859016681342,1.0,0.0
0.8606091329003575,0.16522401517129634,1.0,0.0
0.8606091329003575,0.16858901366125065,1.0,0.0
0.8606091329003575,0.17195401215120498,1.0,0.0
0.8606091329003575,0.17531901064115932,1.0,0.0
0.8606091329003575,0.17868400913111362,1.0,0.0
0.8606091329003575,0.18204900762106796,1.0,0.0
0.8606091329003575,0.18541400611102227,1.0,0.0
0.8606091329003575,0.1887790046009766,1.0,0.0
0.8606091329003575,0.19214400309093094,1.0,0.0
0.8606091329003575,0.19550900158088524,1.0,0.0
0.8606091329003575,0.19887400007083958,1.0,0.0
0.8606091329003575,0.20223899856079391,1.0,0.0
0.8639741313903118,0.10465404235211849,1.0,0.0
0.8639741313903118,0.10801904084207281,1.0,0.0
0.8639741313903118,0.11138403933202715,1.0,0.0
0.8639741313903118,0.11474903782198147,1.0,0.0
0.8639741313903118,0.11811403631193579,1.0,0.0
0.8639741313903118,0.12147903480189011,1.0,0.0
0.8639741313903118,0.12484403329184443,1.0,0.0
0.8639741313903118,0.12820903178179877,1.0,0.0
0.8639741313903118,0.13157403027175307,1.0,0.0
0.8639741313903118,0.1349390287617074,1.0,0.0
0.8639741313903118,0.13830402725166174,1.0,0.0
0.8639741313903118,0.14166902574161605,1.0,0.0
0.8639741313903118,0.14503402423157039,1.0,0.0
0.8639741313903118,0.14839902272152472,1.0,0.0
0.8639741313903118,0.15176402121147903,1.0,0.0
0.8639741313903118,0.15512901970143336,1.0,0.0
0.8639741313903118,0.1584940181913877,1.0,0.0
0.8639741313903118,0.161859016681342,1.0,0.0
0.8639741313903118,0.16522401517129634,1.0,0.0
0.8639741313903118,0.16858901366125065,1.0,0.0
0.8639741313903118,0.17195401215120498,1.0,0.0
0.8639741313903118,0.17531901064115932,1.0,0.0
0.8639741313903118,0.17868400913111362,1.0,0.0
0.8639741313903118,0.18204900762106796,1.0,0.0
0.8639741313903118,0.18541400611102227,1.0,0.0
0.8639741313903118,0.1887790046009766,1.0,0.0
0.8639741313903118,0.19214400309093094,1.0,0.0
0.8639741313903118,0.19550900158088524,1.0,0.0
0.8639741313903118,0.19887400007083958,1.0,0.0
0.8639741313903118,0.20223899856079391,1.0,0.0
0.8673391298802661,0.10801904084207281,1.0,0.0
0.8673391298802661,0.11138403933202715,1.0,0.0
0.8673391298802661,0.11474903782198147,1.0,0.0
0.8673391298802661,0.11811403631193579,1.0,0.0
0.8673391298802661,0.12147903480189011,1.0,0.0
0.8673391298802661,0.12484403329184443,1.0,0.0
0.8673391298802661,0.12820903178179877,1.0,0.0
0.8673391298802661,0.13157403027175307,1.0,0.0
0.8673391298802661,0.1349390287617074,1.0,0.0
0.8673391298802661,0.13830402725166174,1.0,0.0
0.8673391298802661,0.14166902574161605,1.0,0.0
0.8673391298802661,0.14503402423157039,1.0,0.0
0.8673391298802661,0.14839902272152472,1.0,0.0
0.8673391298802661,0.15176402121147903,1.0,0.0
0.8673391298802661,0.15512901970143336,1.0,0.0
0.8673391298802661,0.1584940181913877,1.0,0.0
0.8673391298802661,0.161859016681342,1.0,0.0
0.8673391298802661,0.16522401517129634,1.0,0.0
0.8673391298802661,0.16858901366125065,1.0,0.0
0.8673391298802661,0.17195401215120498,1.0,0.0
0.8673391298802661,0.17531901064115932,1.0,0.0
0.8673391298802661,0.17868400913111362,1.0,0.0
0.8673391298802661,0.18204900762106796,1.0,0.0
0.8673391298802661,0.18541400611102227,1.0,0.0
0.8673391298802661,0.1887790046009766,1.0,0.0
0.8673391298802661,0.19214400309093094,1.0,0.0
0.8673391298802661,0.19550900158088524,1.0,0.0
0.8673391298802661,0.19887400007083958,1.0,0.0
0.8707041283702205,0.10801904084207281,1.0,0.0
0.8707041283702205,0.11138403933202715,1.0,0.0
0.8707041283702205,0.11474903782198147,1.0,0.0
0.8707041283702205,0.11811403631193579,1.0,0.0
0.8707041283702205,0.12147903480189011,1.0,0.0
0.8707041283702205,0.12484403329184443,1.0,0.0
0.8707041283702205,0.12820903178179877,1.0,0.0
0.8707041283702205,0.13157403027175307,1.0,0.0
0.8707041283702205,0.1349390287617074,1.0,0.0
0.8707041283702205,0.13830402725166174,1.0,0.0
0.8707041283702205,0.14166902574161605,1.0,0.0
0.8707041283702205,0.14503402423157039,1.0,0.0
0.8707041283702205,0.14839902272152472,1.0,0.0
0.8707041283702205,0.15176402121147903,1.0,0.0
0.8707041283702205,0.15512901970143336,1.0,0.0
0.8707041283702205,0.1584940181913877,1.0,0.0
0.8707041283702205,0.161859016681342,1.0,0.0
0.8707041283702205,0.16522401517129634,1.0,0.0
0.8707041283702205,0.16858901366125065,1.0,0.0
0.8707041283702205,0.17195401215120498,1.0,0.0
0.8707041283702205,0.17531901064115932,1.0,0.0
0.8707041283702205,0.17868400913111362,1.0,0.0
0.8707041283702205,0.18204900762106796,1.0,0.0
0.8707041283702205,0.18541400611102227,1.0,0.0
0.8707041283702205,0.1887790046009766,1.0,0.0
0.8707041283702205,0.19214400309093094,1.0,0.0
0.8707041283702205,0.19550900158088524,1.0,0.0
0.8707041283702205,0.19887400007083958,1.0,0.0
0.8740691268601748,0.10801904084207281,1.0,0.0
0.8740691268601748,0.11138403933202715,1.0,0.0
0.8740691268601748,0.11474903782198147,1.0,0.0
0.8740691268601748,0.11811403631193579,1.0,0.0
0.8740691268601748,0.12147903480189011,1.0,0.0
0.8740691268601748,0.12484403329184443,1.0,0.0
0.8740691268601748,0.12820903178179877,1.0,0.0
0.8740691268601748,0.13157403027175307,1.0,0.0
0.8740691268601748,0.1349390287617074,1.0,0.0
0.8740691268601748,0.13830402725166174,1.0,0.0
0.8740691268601748,0.14166902574161605,1.0,0.0
0.8740691268601748,0.14503402423157039,1.0,0.0
0.8740691268601748,0.14839902272152472,1.0,0.0
0.8740691268601748,0.15176402121147903,1.0,0.0
0.8740691268601748,0.15512901970143336,1.0,0.0
0.8740691268601748,0.1584940181913877,1.0,0.0
0.8740691268601748,0.161859016681342,1.0,0.0
0.8740691268601748,0.16522401517129634,1.0,0.0
0.8740691268601748,0.16858901366125065,1.0,0.0
0.8740691268601748,0.17195401215120498,1.0,0.0
0.8740691268601748,0.17531901064115932,1.0,0.0
0.8740691268601748,0.17868400913111362,1.0,0.0
0.8740691268601748,0.18204900762106796,1.0,0.0
0.8740691268601748,0.18541400611102227,1.0,0.0
0.8740691268601748,0.1887790046009766,1.0,0.0
0.8740691268601748,0.19214400309093094,1.0,0.0
0.8740691268601748,0.19550900158088524,1.0,0.0
0.8740691268601748,0.19887400007083958,1.0,0.0
0.8740691268601748,0.20223899856079391,1.0,0.0
0.8774341253501291,0.10801904084207281,1.0,0.0
0.8774341253501291,0.11138403933202715,1.0,0.0
0.8774341253501291,0.11474903782198147,1.0,0.0
0.8774341253501291,0.11811403631193579,1.0,0.0
0.8774341253501291,0.12147903480189011,1.0,0.0
0.8774341253501291,0.12484403329184443,1.0,0.0
0.8774341253501291,0.12820903178179877,1.0,0.0
0.8774341253501291,0.13157403027175307,1.0,0.0
0.8774341253501291,0.1349390287617074,1.0,0.0
0.8774341253501291,0.13830402725166174,1.0,0.0
0.8774341253501291,0.14166902574161605,1.0,0.0
0.8774341253501291,0.14503402423157039,1.0,0.0
0.8774341253501291,0.14839902272152472,1.0,0.0
0.8774341253501291,0.15176402121147903,1.0,0.0
0.8774341253501291,0.15512901970143336,1.0,0.0
0.8774341253501291,0.1584940181913877,1.0,0.0
0.8774341253501291,0.161859016681342,1.0,0.0
0.8774341253501291,0.16522401517129634,1.0,0.0
0.8774341253501291,0.16858901366125065,1.0,0.0
0.8774341253501291,0.17195401215120498,1.0,0.0
0.8774341253501291,0.17531901064115932,1.0,0.0
0.8774341253501291,0.17868400913111362,1.0,0.0
0.8774341253501291,0.18204900762106796,1.0,0.0
0.8774341253501291,0.18541400611102227,1.0,0.0
0.8774341253501291,0.1887790046009766,1.0,0.0
0.8774341253501291,0.19214400309093094,1.0,0.0
0.8774341253501291,0.19550900158088524,1.0,0.0
0.8774341253501291,0.19887400007083958,1.0,0.0
0.8774341253501291,0.20223899856079391,1.0,0.0
0.8807991238400834,0.11138403933202715,1.0,0.0
0.8807991238400834,0.11474903782198147,1.0,0.0
0.8807991238400834,0.11811403631193579,1.0,0.0
0.8807991238400834,0.12147903480189011,1.0,0.0
0.8807991238400834,0.12484403329184443,1.0,0.0
0.8807991238400834,0.12820903178179877,1.0,0.0
0.8807991238400834,0.13157403027175307,1.0,0.0
0.8807991238400834,0.1349390287617074,1.0,0.0
0.8807991238400834,0.13830402725166174,1.0,0.0
0.8807991238400834,0.14166902574161605,1.0,0.0
0.8807991238400834,0.14503402423157039,1.0,0.0
0.8807991238400834,0.14839902272152472,1.0,0.0
0.8807991238400834,0.15176402121147903,1.0,0.0
0.8807991238400834,0.15512901970143336,1.0,0.0
0.8807991238400834,0.1584940181913877,1.0,0.0
0.8807991238400834,0.161859016681342,1.0,0.0
0.8807991238400834,0.16522401517129634,1.0,0.0
0.8807991238400834,0.16858901366125065,1.0,0.0
0.8807991238400834,0.17195401215120498,1.0,0.0
0.8807991238400834,0.17531901064115932,1.0,0.0
0.8807991238400834,0.17868400913111362,1.0,0.0
0.8807991238400834,0.18204900762106796,1.0,0.0
0.8807991238400834,0.18541400611102227,1.0,0.0
0.8807991238400834,0.1887790046009766,1.0,0.0
0.8807991238400834,0.19214400309093094,1.0,0.0
0.8807991238400834,0.19550900158088524,1.0,0.0
0.8807991238400834,0.19887400007083958,1.0,0.0
0.8807991238400834,0.20223899856079391,1.0,0.0
0.8841641223300377,0.11138403933202715,1.0,0.0
0.8841641223300377,0.11474903782198147,1.0,0.0
0.8841641223300377,0.11811403631193579,1.0,0.0
0.8841641223300377,0.12147903480189011,1.0,0.0
0.8841641223300377,0.12484403329184443,1.0,0.0
0.8841641223300377,0.12820903178179877,1.0,0.0
0.8841641223300377,0.13157403027175307,1.0,0.0
0.8841641223300377,0.1349390287617074,1.0,0.0
0.8841641223300377,0.13830402725166174,1.0,0.0
0.8841641223300377,0.14166902574161605,1.0,0.0
0.8841641223300377,0.14503402423157039,1.0,0.0
0.8841641223300377,0.14839902272152472,1.0,0.0
0.8841641223300377,0.15176402121147903,1.0,0.0
0.8841641223300377,0.15512901970143336,1.0,0.0
0.8841641223300377,0.1584940181913877,1.0,0.0
0.8841641223300377,0.161859016681342,1.0,0.0
0.8841641223300377,0.16522401517129634,1.0,0.0
0.8841641223300377,0.16858901366125065,1.0,0.0
0.8841641223300377,0.17195401215120498,1.0,0.0
0.8841641223300377,0.17531901064115932,1.0,0.0
0.8841641223300377,0.17868400913111362,1.0,0.0
0.8841641223300377,0.18204900762106796,1.0,0.0
0.8841641223300377,0.18541400611102227,1.0,0.0
0.8841641223300377,0.1887790046009766,1.0,0.0
0.8841641223300377,0.19214400309093094,1.0,0.0
0.8841641223300377,0.19550900158088524,1.0,0.0
0.8841641223300377,0.19887400007083958,1.0,0.0
0.8841641223300377,0.20223899856079391,1.0,0.0
0.887529120819992,0.11138403933202715,1.0,0.0
0.887529120819992,0.11474903782198147,1.0,0.0
0.887529120819992,0.11811403631193579,1.0,0.0
0.887529120819992,0.12147903480189011,1.0,0.0
0.887529120819992,0.12484403329184443,1.0,0.0
0.887529120819992,0.12820903178179877,1.0,0.0
0.887529120819992,0.13157403027175307,1.0,0.0
0.887529120819992,0.1349390287617074,1.0,0.0
0.887529120819992,0.13830402725166174,1.0,0.0
0.887529120819992,0.14166902574161605,1.0,0.0
0.887529120819992,0.14503402423157039,1.0,0.0
0.887529120819992,0.14839902272152472,1.0,0.0
0.887529120819992,0.15176402121147903,1.0,0.0
0.887529120819992,0.15512901970143336,1.0,0.0
0.887529120819992,0.1584940181913877,1.0,0.0
0.887529120819992,0.161859016681342,1.0,0.0
0.887529120819992,0.16522401517129634,1.0,0.0
0.887529120819992,0.16858901366125065,1.0,0.0
0.887529120819992,0.17195401215120498,1.0,0.0
0.887529120819992,0.17531901064115932,1.0,0.0
0.887529120819992,0.17868400913111362,1.0,0.0
0.887529120819992,0.18204900762106796,1.0,0.0
0.887529120819992,0.18541400611102227,1.0,0.0
0.887529120819992,0.1887790046009766,1.0,0.0
0.887529120819992,0.19214400309093094,1.0,0.0
0.887529120819992,0.19550900158088524,1.0,0.0
0.887529120819992,0.19887400007083958,1.0,0.0
0.8908941193099464,0.11138403933202715,1.0,0.0
0.8908941193099464,0.11474903782198147,1.0,0.0
0.8908941193099464,0.11811403631193579,1.0,0.0
0.8908941193099464,0.12147903480189011,1.0,0.0
0.8908941193099464,0.12484403329184443,1.0,0.0
0.8908941193099464,0.12820903178179877,1.0,0.0
0.8908941193099464,0.13157403027175307,1.0,0.0
0.8908941193099464,0.1349390287617074,1.0,0.0
0.8908941193099464,0.13830402725166174,1.0,0.0
0.8908941193099464,0.14166902574161605,1.0,0.0
0.8908941193099464,0.14503402423157039,1.0,0.0
0.8908941193099464,0.14839902272152472,1.0,0.0
0.8908941193099464,0.15176402121147903,1.0,0.0
0.8908941193099464,0.15512901970143336,1.0,0.0
0.8908941193099464,0.1584940181913877,1.0,0.0
0.8908941193099464,0.161859016681342,1.0,0.0
0.8908941193099464,0.16522401517129634,1.0,0.0
0.8908941193099464,0.16858901366125065,1.0,0.0
0.8908941193099464,0.17195401215120498,1.0,0.0
0.8908941193099464,0.17531901064115932,1.0,0.0
0.8908941193099464,0.17868400913111362,1.0,0.0
0.8908941193099464,0.18204900762106796,1.0,0.0
0.8908941193099464,0.18541400611102227,1.0,0.0
0.8908941193099464,0.1887790046009766,1.0,0.0
0.8908941193099464,0.19214400309093094,1.0,0.0
0.8908941193099464,0.19550900158088524,1.0,0.0
0.8908941193099464,0.19887400007083958,1.0,0.0
0.8942591177999007,0.11138403933202715,1.0,0.0
0.8942591177999007,0.11474903782198147,1.0,0.0
0.8942591177999007,0.11811403631193579,1.0,0.0
0.8942591177999007,0.12147903480189011,1.0,0.0
0.8942591177999007,0.12484403329184443,1.0,0.0
0.8942591177999007,0.12820903178179877,1.0,0.0
0.8942591177999007,0.13157403027175307,1.0,0.0
0.8942591177999007,0.1349390287617074,1.0,0.0
0.8942591177999007,0.13830402725166174,1.0,0.0
0.8942591177999007,0.14166902574161605,1.0,0.0
0.8942591177999007,0.14503402423157039,1.0,0.0
0.8942591177999007,0.14839902272152472,1.0,0.0
0.8942591177999007,0.15176402121147903,1.0,0.0
0.8942591177999007,0.15512901970143336,1.0,0.0
0.8942591177999007,0.1584940181913877,1.0,0.0
0.8942591177999007,0.161859016681342,1.0,0.0
0.8942591177999007,0.16522401517129634,1.0,0.0
0.8942591177999007,0.16858901366125065,1.0,0.0
0.8942591177999007,0.17195401215120498,1.0,0.0
0.8942591177999007,0.17531901064115932,1.0,0.0
0.8942591177999007,0.17868400913111362,1.0,0.0
0.8942591177999007,0.18204900762106796,1.0,0.0
0.8942591177999007,0.18541400611102227,1.0,0.0
0.8942591177999007,0.1887790046009766,1.0,0.0
0.8942591177999007,0.19214400309093094,1.0,0.0
0.8976241162898551,0.11138403933202715,1.0,0.0
0.8976241162898551,0.11474903782198147,1.0,0.0
0.8976241162898551,0.11811403631193579,1.0,0.0
0.8976241162898551,0.12147903480189011,1.0,0.0
0.8976241162898551,0.12484403329184443,1.0,0.0
0.8976241162898551,0.12820903178179877,1.0,0.0
0.8976241162898551,0.13157403027175307,1.0,0.0
0.8976241162898551,0.1349390287617074,1.0,0.0
0.8976241162898551,0.13830402725166174,1.0,0.0
0.8976241162898551,0.14166902574161605,1.0,0.0
0.8976241162898551,0.14503402423157039,1.0,0.0
0.8976241162898551,0.14839902272152472,1.0,0.0
0.8976241162898551,0.15176402121147903,1.0,0.0
0.8976241162898551,0.15512901970143336,1.0,0.0
0.8976241162898551,0.1584940181913877,1.0,0.0
0.8976241162898551,0.161859016681342,1.0,0.0
0.8976241162898551,0.16522401517129634,1.0,0.0
0.8976241162898551,0.16858901366125065,1.0,0.0
0.8976241162898551,0.17195401215120498,1.0,0.0
0.8976241162898551,0.17531901064115932,1.0,0.0
0.8976241162898551,0.17868400913111362,1.0,0.0
0.8976241162898551,0.18204900762106796,1.0,0.0
0.8976241162898551,0.18541400611102227,1.0,0.0
0.8976241162898551,0.1887790046009766,1.0,0.0
0.8976241162898551,0.19214400309093094,1.0,0.0
0.8976241162898551,0.19550900158088524,1.0,0.0
0.9009891147798094,0.11138403933202715,1.0,0.0
0.9009891147798094,0.11474903782198147,1.0,0.0
0.9009891147798094,0.11811403631193579,1.0,0.0
0.9009891147798094,0.12147903480189011,1.0,0.0
0.9009891147798094,0.12484403329184443,1.0,0.0
0.9009891147798094,0.12820903178179877,1.0,0.0
0.9009891147798094,0.13157403027175307,1.0,0.0
0.9009891147798094,0.1349390287617074,1.0,0.0
0.9009891147798094,0.13830402725166174,1.0,0.0
0.9009891147798094,0.14166902574161605,1.0,0.0
0.9009891147798094,0.14503402423157039,1.0,0.0
0.9009891147798094,0.14839902272152472,1.0,0.0
0.9009891147798094,0.15176402121147903,1.0,0.0
0.9009891147798094,0.15512901970143336,1.0,0.0
0.9009891147798094,0.1584940181913877,1.0,0.0
0.9009891147798094,0.161859016681342,1.0,0.0
0.9009891147798094,0.16522401517129634,1.0,0.0
0.9009891147798094,0.16858901366125065,1.0,0.0
0.9009891147798094,0.17195401215120498,1.0,0.0
0.9009891147798094,0.17531901064115932,1.0,0.0
0.9009891147798094,0.17868400913111362,1.0,0.0
0.9009891147798094,0.18204900762106796,1.0,0.0
0.9009891147798094,0.18541400611102227,1.0,0.0
0.9009891147798094,0.1887790046009766,1.0,0.0
0.9009891147798094,0.19214400309093094,1.0,0.0
0.9009891147798094,0.19550900158088524,1.0,0.0
0.9043541132697637,0.11138403933202715,1.0,0.0
0.9043541132697637,0.11474903782198147,1.0,0.0
0.9043541132697637,0.11811403631193579,1.0,0.0
0.9043541132697637,0.12147903480189011,1.0,0.0
0.9043541132697637,0.12484403329184443,1.0,0.0
0.9043541132697637,0.12820903178179877,1.0,0.0
0.9043541132697637,0.13157403027175307,1.0,0.0
0.9043541132697637,0.1349390287617074,1.0,0.0
0.9043541132697637,0.13830402725166174,1.0,0.0
0.9043541132697637,0.14166902574161605,1.0,0.0
0.9043541132697637,0.14503402423157039,1.0,0.0
0.9043541132697637,0.14839902272152472,1.0,0.0
0.9043541132697637,0.15176402121147903,1.0,0.0
0.9043541132697637,0.15512901970143336,1.0,0.0
0.9043541132697637,0.1584940181913877,1.0,0.0
0.9043541132697637,0.161859016681342,1.0,0.0
0.9043541132697637,0.16522401517129634,1.0,0.0
0.9043541132697637,0.16858901366125065,1.0,0.0
0.9043541132697637,0.17195401215120498,1.0,0.0
0.9043541132697637,0.17531901064115932,1.0,0.0
0.9043541132697637,0.17868400913111362,1.0,0.0
0.9043541132697637,0.18204900762106796,1.0,0.0
0.9043541132697637,0.18541400611102227,1.0,0.0
0.9043541132697637,0.1887790046009766,1.0,0.0
0.9043541132697637,0.19214400309093094,1.0,0.0
0.9043541132697637,0.19550900158088524,1.0,0.0
0.9077191117597181,0.11138403933202715,1.0,0.0
0.9077191117597181,0.11474903782198147,1.0,0.0
0.9077191117597181,0.11811403631193579,1.0,0.0
0.9077191117597181,0.12147903480189011,1.0,0.0
0.9077191117597181,0.12484403329184443,1.0,0.0
0.9077191117597181,0.12820903178179877,1.0,0.0
0.9077191117597181,0.13157403027175307,1.0,0.0
0.9077191117597181,0.1349390287617074,1.0,0.0
0.9077191117597181,0.13830402725166174,1.0,0.0
0.9077191117597181,0.14166902574161605,1.0,0.0
0.9077191117597181,0.14503402423157039,1.0,0.0
0.9077191117597181,0.14839902272152472,1.0,0.0
0.9077191117597181,0.15176402121147903,1.0,0.0
0.9077191117597181,0.15512901970143336,1.0,0.0
0.9077191117597181,0.1584940181913877,1.0,0.0
0.9077191117597181,0.161859016681342,1.0,0.0
0.9077191117597181,0.16522401517129634,1.0,0.0
0.9077191117597181,0.16858901366125065,1.0,0.0
0.9077191117597181,0.17195401215120498,1.0,0.0
0.9077191117597181,0.17531901064115932,1.0,0.0
0.9077191117597181,0.17868400913111362,1.0,0.0
0.9077191117597181,0.18204900762106796,1.0,0.0
0.9077191117597181,0.18541400611102227,1.0,0.0
0.9077191117597181,0.1887790046009766,1.0,0.0
0.9077191117597181,0.19214400309093094,1.0,0.0
0.9110841102496724,0.11811403631193579,1.0,0.0
0.9110841102496724,0.12147903480189011,1.0,0.0
0.9110841102496724,0.12484403329184443,1.0,0.0
0.9110841102496724,0.12820903178179877,1.0,0.0
0.9110841102496724,0.13157403027175307,1.0,0.0
0.9110841102496724,0.1349390287617074,1.0,0.0
0.9110841102496724,0.13830402725166174,1.0,0.0
0.9110841102496724,0.14166902574161605,1.0,0.0
0.9110841102496724,0.14503402423157039,1.0,0.0
0.9110841102496724,0.14839902272152472,1.0,0.0
0.9110841102496724,0.15176402121147903,1.0,0.0
0.9110841102496724,0.15512901970143336,1.0,0.0
0.9110841102496724,0.1584940181913877,1.0,0.0
0.9110841102496724,0.161859016681342,1.0,0.0
0.9110841102496724,0.16522401517129634,1.0,0.0
0.9110841102496724,0.16858901366125065,1.0,0.0
0.9110841102496724,0.17195401215120498,1.0,0.0
0.9110841102496724,0.17531901064115932,1.0,0.0
0.9110841102496724,0.17868400913111362,1.0,0.0
0.9110841102496724,0.18204900762106796,1.0,0.0
0.9110841102496724,0.18541400611102227,1.0,0.0
0.9110841102496724,0.1887790046009766,1.0,0.0
0.9110841102496724,0.19214400309093094,1.0,0.0
0.9144491087396267,0.12147903480189011,1.0,0.0
0.9144491087396267,0.12484403329184443,1.0,0.0
0.9144491087396267,0.12820903178179877,1.0,0.0
0.9144491087396267,0.13157403027175307,1.0,0.0
0.9144491087396267,0.1349390287617074,1.0,0.0
0.9144491087396267,0.13830402725166174,1.0,0.0
0.9144491087396267,0.14166902574161605,1.0,0.0
0.9144491087396267,0.14503402423157039,1.0,0.0
0.9144491087396267,0.14839902272152472,1.0,0.0
0.9144491087396267,0.15176402121147903,1.0,0.0
0.9144491087396267,0.15512901970143336,1.0,0.0
0.9144491087396267,0.1584940181913877,1.0,0.0
0.9144491087396267,0.161859016681342,1.0,0.0
0.9144491087396267,0.16522401517129634,1.0,0.0
0.9144491087396267,0.16858901366125065,1.0,0.0
0.9144491087396267,0.17195401215120498,1.0,0.0
0.9144491087396267,0.17531901064115932,1.0,0.0
0.9144491087396267,0.17868400913111362,1.0,0.0
0.9144491087396267,0.18204900762106796,1.0,0.0
0.9144491087396267,0.18541400611102227,1.0,0.0
0.9144491087396267,0.1887790046009766,1.0,0.0
0.9144491087396267,0.19214400309093094,1.0,0.0
0.917814107229581,0.12484403329184443,1.0,0.0
0.917814107229581,0.12820903178179877,1.0,0.0
0.917814107229581,0.13157403027175307,1.0,0.0
0.917814107229581,0.1349390287617074,1.0,0.0
0.917814107229581,0.13830402725166174,1.0,0.0
0.917814107229581,0.14166902574161605,1.0,0.0
0.917814107229581,0.14503402423157039,1.0,0.0
0.917814107229581,0.14839902272152472,1.0,0.0
0.917814107229581,0.15176402121147903,1.0,0.0
0.917814107229581,0.15512901970143336,1.0,0.0
0.917814107229581,0.1584940181913877,1.0,0.0
0.917814107229581,0.161859016681342,1.0,0.0
0.917814107229581,0.16522401517129634,1.0,0.0
0.917814107229581,0.16858901366125065,1.0,0.0
0.917814107229581,0.17195401215120498,1.0,0.0
0.917814107229581,0.17531901064115932,1.0,0.0
0.917814107229581,0.17868400913111362,1.0,0.0
0.917814107229581,0.18204900762106796,1.0,0.0
0.917814107229581,0.18541400611102227,1.0,0.0
0.917814107229581,0.1887790046009766,1.0,0.0
0.9211791057195353,0.12484403329184443,1.0,0.0
0.9211791057195353,0.12820903178179877,1.0,0.0
0.9211791057195353,0.13157403027175307,1.0,0.0
0.9211791057195353,0.1349390287617074,1.0,0.0
0.9211791057195353,0.13830402725166174,1.0,0.0
0.9211791057195353,0.14166902574161605,1.0,0.0
0.9211791057195353,0.14503402423157039,1.0,0.0
0.9211791057195353,0.14839902272152472,1.0,0.0
0.9211791057195353,0.15176402121147903,1.0,0.0
0.9211791057195353,0.15512901970143336,1.0,0.0
0.9211791057195353,0.1584940181913877,1.0,0.0
0.9211791057195353,0.161859016681342,1.0,0.0
0.9211791057195353,0.16522401517129634,1.0,0.0
0.9211791057195353,0.16858901366125065,1.0,0.0
0.9211791057195353,0.17195401215120498,1.0,0.0
0.9211791057195353,0.17531901064115932,1.0,0.0
0.9211791057195353,0.17868400913111362,1.0,0.0
0.9211791057195353,0.18204900762106796,1.0,0.0
0.9211791057195353,0.18541400611102227,1.0,0.0
0.9211791057195353,0.1887790046009766,1.0,0.0
0.9245441042094897,0.12820903178179877,1.0,0.0
0.9245441042094897,0.13157403027175307,1.0,0.0
0.9245441042094897,0.1349390287617074,1.0,0.0
0.9245441042094897,0.13830402725166174,1.0,0.0
0.9245441042094897,0.14166902574161605,1.0,0.0
0.9245441042094897,0.14503402423157039,1.0,0.0
0.9245441042094897,0.14839902272152472,1.0,0.0
0.9245441042094897,0.15176402121147903,1.0,0.0
0.9245441042094897,0.15512901970143336,1.0,0.0
0.9245441042094897,0.1584940181913877,1.0,0.0
0.9245441042094897,0.161859016681342,1.0,0.0
0.9245441042094897,0.16522401517129634,1.0,0.0
0.9245441042094897,0.16858901366125065,1.0,0.0
0.9245441042094897,0.17195401215120498,1.0,0.0
0.9245441042094897,0.17531901064115932,1.0,0.0
0.9245441042094897,0.17868400913111362,1.0,0.0
0.9245441042094897,0.18204900762106796,1.0,0.0
0.9245441042094897,0.18541400611102227,1.0,0.0
0.927909102699444,0.13157403027175307,1.0,0.0
0.927909102699444,0.1349390287617074,1.0,0.0
0.927909102699444,0.13830402725166174,1.0,0.0
0.927909102699444,0.14166902574161605,1.0,0.0
0.927909102699444,0.14503402423157039,1.0,0.0
0.927909102699444,0.14839902272152472,1.0,0.0
0.927909102699444,0.15176402121147903,1.0,0.0
0.927909102699444,0.15512901970143336,1.0,0.0
0.927909102699444,0.1584940181913877,1.0,0.0
0.927909102699444,0.161859016681342,1.0,0.0
0.927909102699444,0.16522401517129634,1.0,0.0
0.927909102699444,0.16858901366125065,1.0,0.0
0.927909102699444,0.17195401215120498,1.0,0.0
0.927909102699444,0.17531901064115932,1.0,0.0
0.927909102699444,0.17868400913111362,1.0,0.0
0.927909102699444,0.18204900762106796,1.0,0.0
0.927909102699444,0.18541400611102227,1.0,0.0
0.9312741011893984,0.1349390287617074,1.0,0.0
0.9312741011893984,0.13830402725166174,1.0,0.0
0.9312741011893984,0.14166902574161605,1.0,0.0
0.9312741011893984,0.14503402423157039,1.0,0.0
0.9312741011893984,0.14839902272152472,1.0,0.0
0.9312741011893984,0.15176402121147903,1.0,0.0
0.9312741011893984,0.15512901970143336,1.0,0.0
0.9312741011893984,0.1584940181913877,1.0,0.0
0.9312741011893984,0.161859016681342,1.0,0.0
0.9312741011893984,0.16522401517129634,1.0,0.0
0.9312741011893984,0.16858901366125065,1.0,0.0
0.9312741011893984,0.17195401215120498,1.0,0.0
0.9312741011893984,0.17531901064115932,1.0,0.0
0.9312741011893984,0.17868400913111362,1.0,0.0
0.9312741011893984,0.18204900762106796,1.0,0.0
0.9346390996793527,0.13830402725166174,1.0,0.0
0.9346390996793527,0.14166902574161605,1.0,0.0
0.9346390996793527,0.14503402423157039,1.0,0.0
0.9346390996793527,0.14839902272152472,1.0,0.0
0.9346390996793527,0.15176402121147903,1.0,0.0
0.9346390996793527,0.15512901970143336,1.0,0.0
0.9346390996793527,0.1584940181913877,1.0,0.0
0.9346390996793527,0.161859016681342,1.0,0.0
0.9346390996793527,0.16522401517129634,1.0,0.0
0.9346390996793527,0.16858901366125065,1.0,0.0
0.9346390996793527,0.17195401215120498,1.0,0.0
0.9346390996793527,0.17531901064115932,1.0,0.0
0.9346390996793527,0.17868400913111362,1.0,0.0
0.938004098169307,0.13830402725166174,1.0,0.0
0.938004098169307,0.14166902574161605,1.0,0.0
0.938004098169307,0.14503402423157039,1.0,0.0
0.938004098169307,0.14839902272152472,1.0,0.0
0.938004098169307,0.15176402121147903,1.0,0.0
0.938004098169307,0.15512901970143336,1.0,0.0
0.938004098169307,0.1584940181913877,1.0,0.0
0.938004098169307,0.161859016681342,1.0,0.0
0.938004098169307,0.16522401517129634,1.0,0.0
0.938004098169307,0.16858901366125065,1.0,0.0
0.938004098169307,0.17195401215120498,1.0,0.0
0.938004098169307,0.17531901064115932,1.0,0.0
0.9413690966592614,0.13830402725166174,1.0,0.0
0.9413690966592614,0.14166902574161605,1.0,0.0
0.9413690966592614,0.14503402423157039,1.0,0.0
0.9413690966592614,0.14839902272152472,1.0,0.0
0.9413690966592614,0.15176402121147903,1.0,0.0
0.9413690966592614,0.15512901970143336,1.0,0.0
0.9413690966592614,0.1584940181913877,1.0,0.0
0.9413690966592614,0.161859016681342,1.0,0.0
0.9413690966592614,0.16522401517129634,1.0,0.0
0.9413690966592614,0.16858901366125065,1.0,0.0
0.9413690966592614,0.17195401215120498,1.0,0.0
0.9413690966592614,0.17531901064115932,1.0,0.0
0.9413690966592614,0.17868400913111362,1.0,0.0
0.9447340951492157,0.13830402725166174,1.0,0.0
0.9447340951492157,0.14166902574161605,1.0,0.0
0.9447340951492157,0.14503402423157039,1.0,0.0
0.9447340951492157,0.14839902272152472,1.0,0.0
0.9447340951492157,0.15176402121147903,1.0,0.0
0.9447340951492157,0.15512901970143336,1.0,0.0
0.9447340951492157,0.1584940181913877,1.0,0.0
0.9447340951492157,0.161859016681342,1.0,0.0
0.9447340951492157,0.16522401517129634,1.0,0.0
0.9447340951492157,0.16858901366125065,1.0,0.0
0.9447340951492157,0.17195401215120498,1.0,0.0
0.9447340951492157,0.17531901064115932,1.0,0.0
0.9447340951492157,0.17868400913111362,1.0,0.0
0.94809909363917,0.13830402725166174,1.0,0.0
0.94809909363917,0.14166902574161605,1.0,0.0
0.94809909363917,0.14503402423157039,1.0,0.0
0.94809909363917,0.14839902272152472,1.0,0.0
0.94809909363917,0.15176402121147903,1.0,0.0
0.94809909363917,0.15512901970143336,1.0,0.0
0.94809909363917,0.1584940181913877,1.0,0.0
0.94809909363917,0.161859016681342,1.0,0.0
0.94809909363917,0.16522401517129634,1.0,0.0
0.94809909363917,0.16858901366125065,1.0,0.0
0.94809909363917,0.17195401215120498,1.0,0.0
0.94809909363917,0.17531901064115932,1.0,0.0
0.94809909363917,0.17868400913111362,1.0,0.0
0.9514640921291243,0.13830402725166174,1.0,0.0
0.9514640921291243,0.14166902574161605,1.0,0.0
0.9514640921291243,0.14503402423157039,1.0,0.0
0.9514640921291243,0.14839902272152472,1.0,0.0
0.9514640921291243,0.15176402121147903,1.0,0.0
0.9514640921291243,0.15512901970143336,1.0,0.0
0.9514640921291243,0.1584940181913877,1.0,0.0
0.9514640921291243,0.161859016681342,1.0,0.0
0.9514640921291243,0.16522401517129634,1.0,0.0
0.9514640921291243,0.16858901366125065,1.0,0.0
0.9514640921291243,0.17195401215120498,1.0,0.0
0.9514640921291243,0.17531901064115932,1.0,0.0
0.9514640921291243,0.17868400913111362,1.0,0.0
0.9548290906190786,0.13830402725166174,1.0,0.0
0.9548290906190786,0.14166902574161605,1.0,0.0
0.9548290906190786,0.14503402423157039,1.0,0.0
0.9548290906190786,0.14839902272152472,1.0,0.0
0.9548290906190786,0.15176402121147903,1.0,0.0
0.9548290906190786,0.15512901970143336,1.0,0.0
0.9548290906190786,0.1584940181913877,1.0,0.0
0.9548290906190786,0.161859016681342,1.0,0.0
0.9548290906190786,0.16522401517129634,1.0,0.0
0.9548290906190786,0.16858901366125065,1.0,0.0
0.9548290906190786,0.17195401215120498,1.0,0.0
0.9548290906190786,0.17531901064115932,1.0,0.0
0.9581940891090329,0.14166902574161605,1.0,0.0
0.9581940891090329,0.14503402423157039,1.0,0.0
0.9581940891090329,0.14839902272152472,1.0,0.0
0.9581940891090329,0.15176402121147903,1.0,0.0
0.9581940891090329,0.15512901970143336,1.0,0.0
0.9581940891090329,0.1584940181913877,1.0,0.0
0.9581940891090329,0.161859016681342,1.0,0.0
0.9581940891090329,0.16522401517129634,1.0,0.0
0.9581940891090329,0.16858901366125065,1.0,0.0
0.9581940891090329,0.17195401215120498,1.0,0.0
0.9581940891090329,0.17531901064115932,1.0,0.0
0.9615590875989873,0.14166902574161605,1.0,0.0
0.9615590875989873,0.14503402423157039,1.0,0.0
0.9615590875989873,0.14839902272152472,1.0,0.0
0.9615590875989873,0.15176402121147903,1.0,0.0
0.9615590875989873,0.15512901970143336,1.0,0.0
0.9615590875989873,0.1584940181913877,1.0,0.0
0.9615590875989873,0.161859016681342,1.0,0.0
0.9615590875989873,0.16522401517129634,1.0,0.0
0.9615590875989873,0.16858901366125065,1.0,0.0
0.9615590875989873,0.17195401215120498,1.0,0.0
0.9615590875989873,0.17531901064115932,1.0,0.0
0.9615590875989873,0.20896899554070256,1.0,0.0
0.9615590875989873,0.2291589864804285,1.0,0.0
0.9649240860889416,0.14166902574161605,1.0,0.0
0.9649240860889416,0.14503402423157039,1.0,0.0
0.9649240860889416,0.14839902272152472,1.0,0.0
0.9649240860889416,0.15176402121147903,1.0,0.0
0.9649240860889416,0.15512901970143336,1.0,0.0
0.9649240860889416,0.1584940181913877,1.0,0.0
0.9649240860889416,0.161859016681342,1.0,0.0
0.9649240860889416,0.16522401517129634,1.0,0.0
0.9649240860889416,0.16858901366125065,1.0,0.0
0.9649240860889416,0.17195401215120498,1.0,0.0
0.9649240860889416,0.17531901064115932,1.0,0.0
0.9649240860889416,0.20223899856079391,1.0,0.0
0.9649240860889416,0.20560399705074822,1.0,0.0
0.9649240860889416,0.20896899554070256,1.0,0.0
0.9649240860889416,0.2123339940306569,1.0,0.0
0.9649240860889416,0.22579398799047418,1.0,0.0
0.9649240860889416,0.2291589864804285,1.0,0.0
0.9649240860889416,0.23252398497038282,1.0,0.0
0.9649240860889416,0.23588898346033715,1.0,0.0
0.968289084578896,0.14503402423157039,1.0,0.0
0.968289084578896,0.14839902272152472,1.0,0.0
0.968289084578896,0.15176402121147903,1.0,0.0
0.968289084578896,0.15512901970143336,1.0,0.0
0.968289084578896,0.1584940181913877,1.0,0.0
0.968289084578896,0.161859016681342,1.0,0.0
0.968289084578896,0.16522401517129634,1.0,0.0
0.968289084578896,0.16858901366125065,1.0,0.0
0.968289084578896,0.17195401215120498,1.0,0.0
0.968289084578896,0.17531901064115932,1.0,0.0
0.968289084578896,0.19887400007083958,1.0,0.0
0.968289084578896,0.22242898950051984,1.0,0.0
0.968289084578896,0.22579398799047418,1.0,0.0
0.968289084578896,0.2291589864804285,1.0,0.0
0.9716540830688503,0.14503402423157039,1.0,0.0
0.9716540830688503,0.14839902272152472,1.0,0.0
0.9716540830688503,0.15176402121147903,1.0,0.0
0.9716540830688503,0.15512901970143336,1.0,0.0
0.9716540830688503,0.1584940181913877,1.0,0.0
0.9716540830688503,0.161859016681342,1.0,0.0
0.9716540830688503,0.16522401517129634,1.0,0.0
0.9716540830688503,0.16858901366125065,1.0,0.0
0.9716540830688503,0.17195401215120498,1.0,0.0
0.9716540830688503,0.17531901064115932,1.0,0.0
0.9716540830688503,0.19550900158088524,1.0,0.0
0.9716540830688503,0.22242898950051984,1.0,0.0
0.9716540830688503,0.22579398799047418,1.0,0.0
0.9750190815588046,0.14839902272152472,1.0,0.0
0.9750190815588046,0.15176402121147903,1.0,0.0
0.9750190815588046,0.15512901970143336,1.0,0.0
0.9750190815588046,0.1584940181913877,1.0,0.0
0.9750190815588046,0.161859016681342,1.0,0.0
0.9750190815588046,0.16522401517129634,1.0,0.0
0.9750190815588046,0.16858901366125065,1.0,0.0
0.9750190815588046,0.17195401215120498,1.0,0.0
0.9750190815588046,0.17531901064115932,1.0,0.0
0.9750190815588046,0.17868400913111362,1.0,0.0
0.9750190815588046,0.19214400309093094,1.0,0.0
0.9750190815588046,0.19550900158088524,1.0,0.0
0.978384080048759,0.1584940181913877,1.0,0.0
0.978384080048759,0.161859016681342,1.0,0.0
0.978384080048759,0.16522401517129634,1.0,0.0
0.978384080048759,0.18204900762106796,1.0,0.0
0.978384080048759,0.18541400611102227,1.0,0.0
0.978384080048759,0.1887790046009766,1.0,0.0
0.978384080048759,0.19214400309093094,1.0,0.0
0.978384080048759,0.20223899856079391,1.0,0.0
0.978384080048759,0.22242898950051984,1.0,0.0
0.9817490785387133,0.21906399101056553,1.0,0.0
0.9817490785387133,0.22242898950051984,1.0,0.0
0.9851140770286676,0.20560399705074822,1.0,0.0
0.9851140770286676,0.21906399101056553,1.0,0.0
0.9884790755186219,0.20896899554070256,1.0,0.0
0.9884790755186219,0.2123339940306569,1.0,0.0
0.9884790755186219,0.2156989925206112,1.0,0.0
